#  N                                      Simpsons 
#--------------------------------------------------
        0.477121                  -3.0867987938807797e+00
6.9897000433601886e-01                  -4.0351216621019130e+00
8.4509804001425681e-01                  -5.0299433341481938e+00
9.5424250943932487e-01                  -5.7784836765646181e+00
1.0413926851582251e+00                  -6.3599760561421483e+00
1.1139433523068367e+00                  -6.8350799138838640e+00
1.1760912590556813e+00                  -7.2367677327554869e+00
1.2304489213782739e+00                  -7.5847228492393226e+00
1.2787536009528289e+00                  -7.8916398001730217e+00
1.3222192947339193e+00                  -8.1661857606196762e+00
1.3617278360175928e+00                  -8.4145424539348994e+00
1.3979400086720377e+00                  -8.6412741390851000e+00
1.4313637641589874e+00                  -8.8498469170226670e+00
1.4623979978989561e+00                  -9.0429550149096372e+00
1.4913616938342726e+00                  -9.2227342201919438e+00
1.5185139398778875e+00                  -9.3909062886340795e+00
1.5440680443502757e+00                  -9.5488794905748584e+00
1.5682017240669950e+00                  -9.6978203754937020e+00
1.5910646070264991e+00                  -9.8387061107746323e+00
1.6127838567197355e+00                  -9.9723633634707571e+00
1.6334684555795864e+00                  -1.0099497711192551e+01
1.6532125137753437e+00                  -1.0220716181431497e+01
1.6720978579357175e+00                  -1.0336544789082852e+01
1.6901960800285136e+00                  -1.0447442331195491e+01
1.7075701760979363e+00                  -1.0553811362163989e+01
1.7242758696007889e+00                  -1.0656007036854463e+01
1.7403626894942439e+00                  -1.0754344252129378e+01
1.7558748556724915e+00                  -1.0849103471702135e+01
1.7708520116421442e+00                  -1.0940535691766341e+01
1.7853298350107671e+00                  -1.1028866152215976e+01
1.7993405494535817e+00                  -1.1114298137955849e+01
1.8129133566428555e+00                  -1.1197015298221139e+01
1.8260748027008264e+00                  -1.1277184378251526e+01
1.8388490907372552e+00                  -1.1354957175790849e+01
1.8512583487190752e+00                  -1.1430472178257517e+01
1.8633228601204559e+00                  -1.1503856006143192e+01
1.8750612633917001e+00                  -1.1575225192420387e+01
1.8864907251724818e+00                  -1.1644686396622896e+01
1.8976270912904414e+00                  -1.1712338347209318e+01
1.9084850188786497e+00                  -1.1778271601453364e+01
1.9190780923760740e+00                  -1.1842570502962674e+01
1.9294189257142926e+00                  -1.1905313610752067e+01
1.9395192526186185e+00                  -1.1966572600910334e+01
1.9493900066449128e+00                  -1.2026414965867351e+01
1.9590413923210936e+00                  -1.2084903145465731e+01
1.9684829485539350e+00                  -1.2142096336271932e+01
1.9777236052888478e+00                  -1.2198048792228724e+01
1.9867717342662448e+00                  -1.2252811264655973e+01
1.9956351945975499e+00                  -1.2306431916730620e+01
2.0043213737826426e+00                  -1.2358955423572196e+01
2.0128372247051720e+00                  -1.2410423902812786e+01
2.0211892990699383e+00                  -1.2460876729379612e+01
2.0293837776852097e+00                  -1.2510351057555063e+01
2.0374264979406238e+00                  -1.2558882032970827e+01
2.0453229787866576e+00                  -1.2606502654409539e+01
2.0530784434834195e+00                  -1.2653241089635335e+01
2.0606978403536118e+00                  -1.2699131784231149e+01
2.0681858617461617e+00                  -1.2744196161974122e+01
2.0755469613925306e+00                  -1.2788464660685824e+01
2.0827853703164503e+00                  -1.2831959457552784e+01
2.0899051114393981e+00                  -1.2874705989406252e+01
2.0969100130080562e+00                  -1.2916721726957681e+01
2.1038037209559568e+00                  -1.2958035614992310e+01
2.1105897102992488e+00                  -1.2998655336315798e+01
2.1172712956557644e+00                  -1.3038614502236236e+01
2.1238516409670858e+00                  -1.3077912316391515e+01
2.1303337684950061e+00                  -1.3116580273324704e+01
2.1367205671564067e+00                  -1.3154619984780798e+01
2.1430148002540950e+00                  -1.3192058190694722e+01
2.1492191126553797e+00                  -1.3228913081784452e+01
2.1553360374650619e+00                  -1.3265187795964183e+01
2.1613680022349748e+00                  -1.3300889917490945e+01
2.1673173347481760e+00                  -1.3336035715159007e+01
2.1731862684122740e+00                  -1.3370643765040528e+01
2.1789769472931693e+00                  -1.3404715940891290e+01
2.1846914308175989e+00                  -1.3438266994151121e+01
2.1903316981702914e+00                  -1.3471290365549406e+01
2.1958996524092336e+00                  -1.3503821547759555e+01
2.2013971243204513e+00                  -1.3535872054446889e+01
2.2068258760318495e+00                  -1.3567395755562490e+01
2.2121876044039577e+00                  -1.3598449263618360e+01
2.2174839442139063e+00                  -1.3629040090639373e+01
2.2227164711475833e+00                  -1.3659144291350232e+01
2.2278867046136734e+00                  -1.3688815578125968e+01
2.2329961103921536e+00                  -1.3717994031814735e+01
2.2380461031287955e+00                  -1.3746692094331154e+01
2.2430380486862944e+00                  -1.3775013935144747e+01
2.2479732663618068e+00                  -1.3802841248178648e+01
2.2528530309798933e+00                  -1.3830236584711265e+01
2.2576785748691846e+00                  -1.3857213914008094e+01
2.2624510897304293e+00                  -1.3883746390731647e+01
2.2671717284030137e+00                  -1.3909835049982412e+01
2.2718416065364990e+00                  -1.3935508497946811e+01
2.2764618041732443e+00                  -1.3960760293260037e+01
2.2810333672477277e+00                  -1.3985571889667217e+01
2.2855573090077739e+00                  -1.4009994471192753e+01
2.2900346113625178e+00                  -1.4033974442435365e+01
2.2944662261615929e+00                  -1.4057567749420047e+01
2.2988530764097068e+00                  -1.4080766583901189e+01
2.3031960574204891e+00                  -1.4103490511696839e+01
2.3074960379132130e+00                  -1.4125855804219986e+01
2.3117538610557542e+00                  -1.4147831184118598e+01
2.3159703454569178e+00                  -1.4169319927105089e+01
2.3201462861110542e+00                  -1.4190479544711019e+01
2.3242824552976926e+00                  -1.4211219572388638e+01
2.3283796034387376e+00                  -1.4231569078313907e+01
2.3324384599156054e+00                  -1.4251606114816996e+01
2.3364597338485296e+00                  -1.4271010080468091e+01
2.3404441148401185e+00                  -1.4290254771589415e+01
2.3443922736851106e+00                  -1.4309066069998355e+01
2.3483048630481607e+00                  -1.4327346243825616e+01
2.3521825181113627e+00                  -1.4345343837939827e+01
2.3560258571931225e+00                  -1.4363010308853523e+01
2.3598354823398879e+00                  -1.4380294250929385e+01
2.3636119798921444e+00                  -1.4397094645331771e+01
2.3673559210260189e+00                  -1.4413593808285576e+01
2.3710678622717363e+00                  -1.4429780860394844e+01
2.3747483460101040e+00                  -1.4445411250624673e+01
2.3783979009481375e+00                  -1.4460780967596627e+01
2.3820170425748683e+00                  -1.4475812366483105e+01
2.3856062735983121e+00                  -1.4490624322682436e+01
2.3891660843645326e+00                  -1.4504783471275879e+01
2.3926969532596658e+00                  -1.4518797457316715e+01
2.3961993470957363e+00                  -1.4532251137869812e+01
2.3996737214810380e+00                  -1.4545506170067519e+01
2.4031205211758180e+00                  -1.4558598749005215e+01
2.4065401804339550e+00                  -1.4571220269306558e+01
2.4099331233312946e+00                  -1.4583388881630450e+01
2.4132997640812519e+00                  -1.4595314481038328e+01
2.4166405073382808e+00                  -1.4606852565306033e+01
2.4199557484897580e+00                  -1.4618040687348259e+01
2.4232458739368079e+00                  -1.4629163668677386e+01
2.4265112613645754e+00                  -1.4639715475164346e+01
2.4297522800024081e+00                  -1.4650151165259807e+01
2.4329692908744058e+00                  -1.4660240416830748e+01
2.4361626470407560e+00                  -1.4670393254614101e+01
2.4393326938302629e+00                  -1.4679751792345233e+01
2.4424797690644486e+00                  -1.4688994206425708e+01
2.4456042032735974e+00                  -1.4698061531216947e+01
2.4487063199050798e+00                  -1.4706650721086499e+01
2.4517864355242902e+00                  -1.4715266530555832e+01
2.4548448600085102e+00                  -1.4723159705039436e+01
2.4578818967339924e+00                  -1.4731148284818470e+01
2.4608978427565478e+00                  -1.4739079949757736e+01
2.4638929889859074e+00                  -1.4746108207637683e+01
2.4668676203541096e+00                  -1.4753732540868191e+01
2.4698220159781630e+00                  -1.4760732504019394e+01
2.4727564493172123e+00                  -1.4767681638871528e+01
2.4756711883244296e+00                  -1.4774015582488950e+01
2.4785664955938436e+00                  -1.4779989089225749e+01
2.4814426285023048e+00                  -1.4786391283620025e+01
2.4842998393467859e+00                  -1.4792772378317002e+01
2.4871383754771865e+00                  -1.4798715112586216e+01
2.4899584794248346e+00                  -1.4803900113851107e+01
2.4927603890268375e+00                  -1.4809329856502451e+01
2.4955443375464483e+00                  -1.4814828344602839e+01
2.4983105537896004e+00                  -1.4819712843054393e+01
2.5010592622177517e+00                  -1.4824652902818663e+01
2.5037906830571810e+00                  -1.4829331833028903e+01
2.5065050324048719e+00                  -1.4833933207360001e+01
2.5092025223311030e+00                  -1.4838389081449401e+01
2.5118833609788744e+00                  -1.4843284845822495e+01
2.5145477526602860e+00                  -1.4846447348889166e+01
2.5171958979499744e+00                  -1.4850833738593151e+01
2.5198279937757189e+00                  -1.4854792764462283e+01
2.5224442335063197e+00                  -1.4858176356908642e+01
2.5250448070368452e+00                  -1.4862134637415998e+01
2.5276299008713385e+00                  -1.4865921801422207e+01
2.5301996982030821e+00                  -1.4868627398272642e+01
2.5327543789924976e+00                  -1.4872050806089185e+01
2.5352941200427703e+00                  -1.4875430718796501e+01
2.5378190950732740e+00                  -1.4879336152247845e+01
2.5403294747908736e+00                  -1.4881194654107086e+01
2.5428254269591797e+00                  -1.4884141624297531e+01
2.5453071164658239e+00                  -1.4887108728293894e+01
2.5477747053878224e+00                  -1.4889876946233652e+01
2.5502283530550942e+00                  -1.4892736479250635e+01
2.5526682161121932e+00                  -1.4895096907029631e+01
2.5550944485783194e+00                  -1.4897767813972269e+01
2.5575072019056577e+00                  -1.4900305509656787e+01
2.5599066250361124e+00                  -1.4902105794241818e+01
2.5622928644564746e+00                  -1.4903536331084876e+01
2.5646660642520893e+00                  -1.4906411619130310e+01
2.5670263661590602e+00                  -1.4908008799041749e+01
2.5693739096150461e+00                  -1.4910377328548902e+01
2.5717088318086878e+00                  -1.4912143009721527e+01
2.5740312677277188e+00                  -1.4914302269045141e+01
2.5763413502057930e+00                  -1.4916006393518956e+01
2.5786392099680722e+00                  -1.4917483537868218e+01
2.5809249756756194e+00                  -1.4919122037714928e+01
2.5831987739686229e+00                  -1.4921473527448173e+01
2.5854607295085006e+00                  -1.4922496473740642e+01
2.5877109650189114e+00                  -1.4924549623233561e+01
2.5899496013257077e+00                  -1.4925421193891488e+01
2.5921767573958667e+00                  -1.4926851184147129e+01
2.5943925503754266e+00                  -1.4928046450018520e+01
2.5965970956264601e+00                  -1.4929645272298789e+01
2.5987905067631152e+00                  -1.4930687672053157e+01
2.6009728956867484e+00                  -1.4932215694169491e+01
2.6031443726201822e+00                  -1.4933425836531516e+01
2.6053050461411096e+00                  -1.4934801420001037e+01
2.6074550232146687e+00                  -1.4936262684834595e+01
2.6095944092252199e+00                  -1.4937239600057410e+01
2.6117233080073419e+00                  -1.4938300410606359e+01
2.6138418218760693e+00                  -1.4938954507347006e+01
2.6159500516564012e+00                  -1.4939937503320300e+01
2.6180480967120925e+00                  -1.4940511946812263e+01
2.6201360549737576e+00                  -1.4942487255841062e+01
2.6222140229662951e+00                  -1.4943560978056437e+01
2.6242820958356683e+00                  -1.4942899911829521e+01
2.6263403673750423e+00                  -1.4944637361455424e+01
2.6283889300503116e+00                  -1.4945467167852867e+01
2.6304278750250241e+00                  -1.4946132156432427e+01
2.6324572921847245e+00                  -1.4946881487704930e+01
2.6344772701607315e+00                  -1.4947799096307705e+01
2.6364878963533656e+00                  -1.4948133253440327e+01
2.6384892569546374e+00                  -1.4948634971713625e+01
2.6404814369704219e+00                  -1.4950311564426375e+01
2.6424645202421213e+00                  -1.4950647661068368e+01
2.6444385894678386e+00                  -1.4950563612520144e+01
2.6464037262230695e+00                  -1.4951741774968657e+01
2.6483600109809315e+00                  -1.4951994654712877e+01
2.6503075231319366e+00                  -1.4953092171647377e+01
2.6522463410033232e+00                  -1.4953345839150476e+01
2.6541765418779604e+00                  -1.4954361993413320e+01
2.6560982020128319e+00                  -1.4954277223022061e+01
2.6580113966571126e+00                  -1.4955210608624419e+01
2.6599162000698504e+00                  -1.4955125672445348e+01
2.6618126855372610e+00                  -1.4955975782667444e+01
2.6637009253896480e+00                  -1.4956060885284069e+01
2.6655809910179533e+00                  -1.4956827560202967e+01
2.6674529528899540e+00                  -1.4957254076259577e+01
2.6693168805661123e+00                  -1.4957339429759180e+01
2.6711728427150834e+00                  -1.4958793011702790e+01
2.6730209071288962e+00                  -1.4958793011702790e+01
2.6748611407378116e+00                  -1.4959478737355496e+01
2.6766936096248664e+00                  -1.4959650338077457e+01
2.6785183790401139e+00                  -1.4959650338077457e+01
2.6803355134145632e+00                  -1.4960681368731299e+01
2.6821450763738319e+00                  -1.4960337419807910e+01
2.6839471307515121e+00                  -1.4961542434671140e+01
2.6857417386022635e+00                  -1.4962232518734679e+01
2.6875289612146345e+00                  -1.4961628635236529e+01
2.6893088591236203e+00                  -1.4961973608694484e+01
2.6910814921229687e+00                  -1.4961973608694484e+01
2.6928469192772302e+00                  -1.4962664378769389e+01
2.6946051989335689e+00                  -1.4962318856393315e+01
2.6963563887333319e+00                  -1.4963269705185882e+01
2.6981005456233897e+00                  -1.4963010176260120e+01
2.6998377258672459e+00                  -1.4963875876493525e+01
2.7015679850559273e+00                  -1.4963529389295608e+01
2.7032913781186614e+00                  -1.4964049223810068e+01
2.7050079593333360e+00                  -1.4964309374587192e+01
2.7067177823367587e+00                  -1.4965090763239502e+01
2.7084209001347128e+00                  -1.4965351538855151e+01
2.7101173651118162e+00                  -1.4964916999780025e+01
2.7118072290411912e+00                  -1.4965960624924152e+01
2.7134905430939424e+00                  -1.4965873560311536e+01
2.7151673578484576e+00                  -1.4966396209992297e+01
2.7168377232995247e+00                  -1.4965525476297795e+01
2.7185016888672742e+00                  -1.4966744992873723e+01
2.7201593034059570e+00                  -1.4966657770889697e+01
2.7218106152125467e+00                  -1.4967356037739899e+01
2.7234556720351857e+00                  -1.4967443400087991e+01
2.7250945210814690e+00                  -1.4966396209992297e+01
2.7267272090265724e+00                  -1.4967356037739899e+01
2.7283537820212285e+00                  -1.4967181365747278e+01
2.7299742856995555e+00                  -1.4967880475629192e+01
2.7315887651867388e+00                  -1.4967443400087991e+01
2.7331972651065692e+00                  -1.4967880475629192e+01
2.7347998295888472e+00                  -1.4967880475629192e+01
2.7363965022766426e+00                  -1.4967705592624242e+01
2.7379873263334309e+00                  -1.4968230453048227e+01
2.7395723444500919e+00                  -1.4968055429084925e+01
2.7411515988517849e+00                  -1.4968755948552410e+01
2.7427251313046983e+00                  -1.4968317991487979e+01
2.7442929831226763e+00                  -1.4968668321800354e+01
2.7458551951737289e+00                  -1.4968580712725013e+01
2.7474118078864231e+00                  -1.4969194347713239e+01
2.7489628612561616e+00                  -1.4969282080675548e+01
2.7505083948513462e+00                  -1.4969896708162143e+01
2.7520484478194387e+00                  -1.4969282080675548e+01
2.7535830588929064e+00                  -1.4969721011531648e+01
2.7551122663950713e+00                  -1.4968931255115201e+01
2.7566361082458481e+00                  -1.4969545385951617e+01
2.7581546219673898e+00                  -1.4970072475900606e+01
2.7596678446896306e+00                  -1.4969721011531648e+01
2.7611758131557314e+00                  -1.4969984583139281e+01
2.7626785637274360e+00                  -1.4970336260961728e+01
2.7641761323903307e+00                  -1.4970336260961728e+01
2.7656685547590141e+00                  -1.4970336260961728e+01
2.7671558660821804e+00                  -1.4970600206339993e+01
2.7686381012476144e+00                  -1.4970248314804625e+01
2.7701152947871015e+00                  -1.4970864312230384e+01
2.7715874808812555e+00                  -1.4969984583139281e+01
2.7730546933642626e+00                  -1.4970952383230296e+01
2.7745169657285498e+00                  -1.4970776259086856e+01
2.7759743311293690e+00                  -1.4971128578828244e+01
2.7774268223893115e+00                  -1.4970864312230384e+01
2.7788744720027396e+00                  -1.4971128578828244e+01
2.7803173121401512e+00                  -1.4970864312230384e+01
2.7817553746524690e+00                  -1.4971040472093833e+01
2.7831886910752575e+00                  -1.4971040472093833e+01
2.7846172926328752e+00                  -1.4971569380817414e+01
2.7860412102425540e+00                  -1.4971745826963380e+01
2.7874604745184151e+00                  -1.4971128578828244e+01
2.7888751157754168e+00                  -1.4971745826963380e+01
2.7902851640332416e+00                  -1.4971657594929528e+01
2.7916906490201181e+00                  -1.4972010630668198e+01
2.7930916001765800e+00                  -1.4971922344825424e+01
2.7944880466591697e+00                  -1.4970952383230296e+01
2.7958800173440754e+00                  -1.4972010630668198e+01
2.7972675408307164e+00                  -1.4972098934461867e+01
2.7986506454452691e+00                  -1.4972363953621285e+01
2.8000293592441343e+00                  -1.4972098934461867e+01
2.8014037100173552e+00                  -1.4972098934461867e+01
2.8027737252919755e+00                  -1.4972363953621285e+01
2.8041394323353503e+00                  -1.4972540722949349e+01
2.8055008581584002e+00                  -1.4971834076926248e+01
2.8068580295188172e+00                  -1.4972894477601375e+01
2.8082109729242219e+00                  -1.4973248520639242e+01
2.8095597146352675e+00                  -1.4973071463042695e+01
2.8109042806687006e+00                  -1.4972629134601874e+01
2.8122446968003691e+00                  -1.4972275595931103e+01
2.8135809885681922e+00                  -1.4972187256213733e+01
2.8149131812750738e+00                  -1.4972894477601375e+01
2.8162412999917832e+00                  -1.4972187256213733e+01
2.8175653695597807e+00                  -1.4972540722949349e+01
2.8188854145940097e+00                  -1.4973602852533524e+01
2.8202014594856402e+00                  -1.4972717564256499e+01
2.8215135284047732e+00                  -1.4972806011920554e+01
2.8228216453031045e+00                  -1.4972894477601375e+01
2.8241258339165491e+00                  -1.4973514242453886e+01
2.8254261177678233e+00                  -1.4973337076514117e+01
2.8267225201689921e+00                  -1.4973514242453886e+01
2.8280150642239770e+00                  -1.4972806011920554e+01
2.8293037728310249e+00                  -1.4973071463042695e+01
2.8305886686851442e+00                  -1.4973071463042695e+01
2.8318697742805017e+00                  -1.4972982961306307e+01
2.8331471119127851e+00                  -1.4973071463042695e+01
2.8344207036815328e+00                  -1.4973071463042695e+01
2.8356905714924254e+00                  -1.4974046174324469e+01
2.8369567370595505e+00                  -1.4974134893012948e+01
2.8382192219076257e+00                  -1.4973780126949190e+01
2.8394780473741985e+00                  -1.4973514242453886e+01
2.8407332346118066e+00                  -1.4972982961306307e+01
2.8419848045901137e+00                  -1.4973780126949190e+01
2.8432327780980096e+00                  -1.4973337076514117e+01
2.8444771757456815e+00                  -1.4973425650449876e+01
2.8457180179666586e+00                  -1.4973514242453886e+01
2.8469553250198238e+00                  -1.4972982961306307e+01
2.8481891169913989e+00                  -1.4973957473755949e+01
2.8494194137968996e+00                  -1.4974046174324469e+01
2.8506462351830666e+00                  -1.4973159982817888e+01
2.8518696007297661e+00                  -1.4973602852533524e+01
2.8530895298518657e+00                  -1.4973425650449876e+01
2.8543060418010806e+00                  -1.4974401157872206e+01
2.8555191556678001e+00                  -1.4974046174324469e+01
2.8567288903828825e+00                  -1.4973691480696164e+01
2.8579352647194289e+00                  -1.4973691480696164e+01
2.8591382972945310e+00                  -1.4973071463042695e+01
2.8603380065709936e+00                  -1.4974223629828790e+01
2.8615344108590377e+00                  -1.4973868791299989e+01
2.8627275283179747e+00                  -1.4974134893012948e+01
2.8639173769578603e+00                  -1.4973957473755949e+01
2.8651039746411278e+00                  -1.4973780126949190e+01
2.8662873390841948e+00                  -1.4973780126949190e+01
2.8674674878590514e+00                  -1.4973514242453886e+01
2.8686444383948255e+00                  -1.4974312384779404e+01
2.8698182079793280e+00                  -1.4973602852533524e+01
2.8709888137605755e+00                  -1.4974312384779404e+01
2.8721562727482928e+00                  -1.4973868791299989e+01
2.8733206018153989e+00                  -1.4974401157872206e+01
2.8744818176994666e+00                  -1.4973602852533524e+01
2.8756399370041685e+00                  -1.4973957473755949e+01
2.8767949762007006e+00                  -1.4974046174324469e+01
2.8779469516291885e+00                  -1.4974756431813711e+01
2.8790958795000727e+00                  -1.4973868791299989e+01
2.8802417758954801e+00                  -1.4973957473755949e+01
2.8813846567705728e+00                  -1.4974134893012948e+01
2.8825245379548803e+00                  -1.4974578758514046e+01
2.8836614351536176e+00                  -1.4973071463042695e+01
2.8847953639489812e+00                  -1.4974845295728811e+01
2.8859263398014310e+00                  -1.4974578758514046e+01
2.8870543780509568e+00                  -1.4973957473755949e+01
2.8881794939183250e+00                  -1.4974401157872206e+01
2.8893017025063101e+00                  -1.4974401157872206e+01
2.8904210188009141e+00                  -1.4974489949114613e+01
2.8915374576725643e+00                  -1.4974845295728811e+01
2.8926510338773004e+00                  -1.4973691480696164e+01
2.8937617620579434e+00                  -1.4974401157872206e+01
2.8948696567452528e+00                  -1.4973248520639242e+01
2.8959747323590648e+00                  -1.4974134893012948e+01
2.8970770032094202e+00                  -1.4975023078126751e+01
2.8981764834976764e+00                  -1.4974401157872206e+01
2.8992731873176036e+00                  -1.4974223629828790e+01
2.9003671286564705e+00                  -1.4974756431813711e+01
2.9014583213961123e+00                  -1.4974667586077935e+01
2.9025467793139912e+00                  -1.4974489949114613e+01
2.9036325160842376e+00                  -1.4974223629828790e+01
2.9047155452786808e+00                  -1.4973514242453886e+01
2.9057958803678687e+00                  -1.4974223629828790e+01
2.9068735347220702e+00                  -1.4974223629828790e+01
2.9079485216122722e+00                  -1.4974756431813711e+01
2.9090208542111560e+00                  -1.4974756431813711e+01
2.9100905455940680e+00                  -1.4974489949114613e+01
2.9111576087399764e+00                  -1.4973159982817888e+01
2.9122220565324155e+00                  -1.4974667586077935e+01
2.9132839017604186e+00                  -1.4974578758514046e+01
2.9143431571194407e+00                  -1.4974401157872206e+01
2.9153998352122699e+00                  -1.4974134893012948e+01
2.9164539485499250e+00                  -1.4974134893012948e+01
2.9175055095525466e+00                  -1.4974756431813711e+01
2.9185545305502734e+00                  -1.4974756431813711e+01
2.9196010237841108e+00                  -1.4974046174324469e+01
2.9206450014067875e+00                  -1.4974756431813711e+01
2.9216864754836021e+00                  -1.4974756431813711e+01
2.9227254579932600e+00                  -1.4974667586077935e+01
2.9237619608287004e+00                  -1.4972894477601375e+01
2.9247959957979122e+00                  -1.4974845295728811e+01
2.9258275746247424e+00                  -1.4974667586077935e+01
2.9268567089496922e+00                  -1.4975289888254764e+01
2.9278834103307068e+00                  -1.4974667586077935e+01
2.9289076902439528e+00                  -1.4974756431813711e+01
2.9299295600845880e+00                  -1.4974134893012948e+01
2.9309490311675228e+00                  -1.4974489949114613e+01
2.9319661147281728e+00                  -1.4975289888254764e+01
2.9329808219231981e+00                  -1.4974667586077935e+01
2.9339931638312424e+00                  -1.4975200933331339e+01
2.9350031514536550e+00                  -1.4974756431813711e+01
2.9360107957152097e+00                  -1.4974223629828790e+01
2.9370161074648142e+00                  -1.4975289888254764e+01
2.9380190974762104e+00                  -1.4975289888254764e+01
2.9390197764486663e+00                  -1.4975467852781202e+01
2.9400181550076634e+00                  -1.4974934177830676e+01
2.9410142437055695e+00                  -1.4974489949114613e+01
2.9420080530223132e+00                  -1.4974578758514046e+01
2.9429995933660407e+00                  -1.4974578758514046e+01
2.9439888750737717e+00                  -1.4974667586077935e+01
2.9449759084120477e+00                  -1.4974934177830676e+01
2.9459607035775686e+00                  -1.4974845295728811e+01
2.9469432706978256e+00                  -1.4974756431813711e+01
2.9479236198317262e+00                  -1.4974312384779404e+01
2.9489017609702137e+00                  -1.4975378861402229e+01
2.9498777040368749e+00                  -1.4974756431813711e+01
2.9508514588885464e+00                  -1.4974489949114613e+01
2.9518230353159121e+00                  -1.4974578758514046e+01
2.9527924430440922e+00                  -1.4974934177830676e+01
2.9537596917332287e+00                  -1.4975111996624486e+01
2.9547247909790628e+00                  -1.4973780126949190e+01
2.9556877503135057e+00                  -1.4975467852781202e+01
2.9566485792052033e+00                  -1.4973868791299989e+01
2.9576072870600951e+00                  -1.4974845295728811e+01
2.9585638832219674e+00                  -1.4975111996624486e+01
2.9595183769729982e+00                  -1.4974312384779404e+01
2.9604707775342991e+00                  -1.4974489949114613e+01
2.9614210940664485e+00                  -1.4973957473755949e+01
2.9623693356700209e+00                  -1.4974578758514046e+01
2.9633155113861114e+00                  -1.4975467852781202e+01
2.9642596301968491e+00                  -1.4974223629828790e+01
2.9652017010259120e+00                  -1.4975200933331339e+01
2.9661417327390325e+00                  -1.4975200933331339e+01
2.9670797341444972e+00                  -1.4974934177830676e+01
2.9680157139936418e+00                  -1.4974401157872206e+01
2.9689496809813427e+00                  -1.4974845295728811e+01
2.9698816437465001e+00                  -1.4974578758514046e+01
2.9708116108725178e+00                  -1.4974578758514046e+01
2.9717395908877782e+00                  -1.4974134893012948e+01
2.9726655922661109e+00                  -1.4975289888254764e+01
2.9735896234272570e+00                  -1.4975378861402229e+01
2.9745116927373285e+00                  -1.4974401157872206e+01
2.9754318085092630e+00                  -1.4974401157872206e+01
2.9763499790032735e+00                  -1.4975023078126751e+01
2.9772662124272928e+00                  -1.4974401157872206e+01
2.9781805169374138e+00                  -1.4974401157872206e+01
2.9790929006383262e+00                  -1.4975111996624486e+01
2.9800033715837464e+00                  -1.4973957473755949e+01
2.9809119377768436e+00                  -1.4974845295728811e+01
2.9818186071706636e+00                  -1.4974667586077935e+01
2.9827233876685453e+00                  -1.4974845295728811e+01
2.9836262871245345e+00                  -1.4974845295728811e+01
2.9845273133437926e+00                  -1.4975111996624486e+01
2.9854264740830017e+00                  -1.4975111996624486e+01
2.9863237770507651e+00                  -1.4974578758514046e+01
2.9872192299080047e+00                  -1.4973868791299989e+01
2.9881128402683519e+00                  -1.4975111996624486e+01
2.9890046156985370e+00                  -1.4974756431813711e+01
2.9898945637187730e+00                  -1.4975467852781202e+01
2.9907826918031377e+00                  -1.4975467852781202e+01
2.9916690073799486e+00                  -1.4974489949114613e+01
2.9925535178321354e+00                  -1.4975824000761699e+01
2.9934362304976116e+00                  -1.4975111996624486e+01
2.9943171526696366e+00                  -1.4974845295728811e+01
2.9951962915971793e+00                  -1.4974578758514046e+01
2.9960736544852753e+00                  -1.4974934177830676e+01
2.9969492484953810e+00                  -1.4975913083410401e+01
2.9978230807457256e+00                  -1.4974845295728811e+01
2.9986951583116559e+00                  -1.4974756431813711e+01
2.9995654882259823e+00                  -1.4974046174324469e+01
3.0004340774793188e+00                  -1.4974845295728811e+01
3.0013009330204183e+00                  -1.4975111996624486e+01
3.0021660617565078e+00                  -1.4974667586077935e+01
3.0030294705536180e+00                  -1.4975200933331339e+01
3.0038911662369103e+00                  -1.4975556862399156e+01
3.0047511555910011e+00                  -1.4974489949114613e+01
3.0056094453602804e+00                  -1.4974223629828790e+01
3.0064660422492318e+00                  -1.4974046174324469e+01
3.0073209529227447e+00                  -1.4975200933331339e+01
3.0081741840064264e+00                  -1.4974934177830676e+01
3.0090257420869104e+00                  -1.4975200933331339e+01
3.0098756337121602e+00                  -1.4975467852781202e+01
3.0107238653917729e+00                  -1.4975023078126751e+01
3.0115704435972783e+00                  -1.4975824000761699e+01
3.0124153747624329e+00                  -1.4975378861402229e+01
3.0132586652835167e+00                  -1.4975556862399156e+01
3.0141003215196207e+00                  -1.4975378861402229e+01
3.0149403497929366e+00                  -1.4974934177830676e+01
3.0157787563890408e+00                  -1.4975200933331339e+01
3.0166155475571772e+00                  -1.4975200933331339e+01
3.0174507295105362e+00                  -1.4975023078126751e+01
3.0182843084265309e+00                  -1.4975378861402229e+01
3.0191162904470730e+00                  -1.4976269596844386e+01
3.0199466816788423e+00                  -1.4975734936381919e+01
3.0207754881935580e+00                  -1.4975556862399156e+01
3.0216027160282422e+00                  -1.4974134893012948e+01
3.0224283711854865e+00                  -1.4975289888254764e+01
3.0232524596337114e+00                  -1.4975111996624486e+01
3.0240749873074262e+00                  -1.4974312384779404e+01
3.0248959601074850e+00                  -1.4975645890263566e+01
3.0257153839013409e+00                  -1.4974845295728811e+01
3.0265332645232967e+00                  -1.4975913083410401e+01
3.0273496077747564e+00                  -1.4975289888254764e+01
3.0281644194244697e+00                  -1.4975824000761699e+01
3.0289777052087778e+00                  -1.4975023078126751e+01
3.0297894708318558e+00                  -1.4975289888254764e+01
3.0305997219659511e+00                  -1.4975734936381919e+01
3.0314084642516241e+00                  -1.4975378861402229e+01
3.0322157032979815e+00                  -1.4974134893012948e+01
3.0330214446829107e+00                  -1.4975289888254764e+01
3.0338256939533101e+00                  -1.4975645890263566e+01
3.0346284566253203e+00                  -1.4974489949114613e+01
3.0354297381845483e+00                  -1.4974489949114613e+01
3.0362295440862948e+00                  -1.4975023078126751e+01
3.0370278797557750e+00                  -1.4975200933331339e+01
3.0378247505883418e+00                  -1.4974934177830676e+01
3.0386201619497029e+00                  -1.4974489949114613e+01
3.0394141191761372e+00                  -1.4974401157872206e+01
3.0402066275747113e+00                  -1.4975111996624486e+01
3.0409976924234905e+00                  -1.4975556862399156e+01
3.0417873189717519e+00                  -1.4974312384779404e+01
3.0425755124401905e+00                  -1.4975824000761699e+01
3.0433622780211294e+00                  -1.4974756431813711e+01
3.0441476208787228e+00                  -1.4974578758514046e+01
3.0449315461491602e+00                  -1.4974845295728811e+01
3.0457140589408676e+00                  -1.4975111996624486e+01
3.0464951643347082e+00                  -1.4975111996624486e+01
3.0472748673841794e+00                  -1.4975023078126751e+01
3.0480531731156089e+00                  -1.4974489949114613e+01
3.0488300865283500e+00                  -1.4974934177830676e+01
3.0496056125949731e+00                  -1.4975289888254764e+01
3.0503797562614579e+00                  -1.4974578758514046e+01
3.0511525224473814e+00                  -1.4975467852781202e+01
3.0519239160461065e+00                  -1.4974223629828790e+01
3.0526939419249679e+00                  -1.4975913083410401e+01
3.0534626049254552e+00                  -1.4973691480696164e+01
3.0542299098633974e+00                  -1.4973691480696164e+01
3.0549958615291417e+00                  -1.4975645890263566e+01
3.0557604646877348e+00                  -1.4973957473755949e+01
3.0565237240791006e+00                  -1.4974845295728811e+01
3.0572856444182146e+00                  -1.4975289888254764e+01
3.0580462303952816e+00                  -1.4974578758514046e+01
3.0588054866759067e+00                  -1.4974578758514046e+01
3.0595634179012676e+00                  -1.4975023078126751e+01
3.0603200286882850e+00                  -1.4974134893012948e+01
3.0610753236297916e+00                  -1.4975200933331339e+01
3.0618293072946989e+00                  -1.4975734936381919e+01
3.0625819842281632e+00                  -1.4975200933331339e+01
3.0633333589517497e+00                  -1.4975289888254764e+01
3.0640834359635960e+00                  -1.4975645890263566e+01
3.0648322197385740e+00                  -1.4974934177830676e+01
3.0655797147284485e+00                  -1.4974667586077935e+01
3.0663259253620376e+00                  -1.4974578758514046e+01
3.0670708560453703e+00                  -1.4974756431813711e+01
3.0678145111618402e+00                  -1.4974667586077935e+01
3.0685568950723630e+00                  -1.4975289888254764e+01
3.0692980121155293e+00                  -1.4975289888254764e+01
3.0700378666077550e+00                  -1.4975645890263566e+01
3.0707764628434346e+00                  -1.4974578758514046e+01
3.0715138050950892e+00                  -1.4974046174324469e+01
3.0722498976135149e+00                  -1.4974845295728811e+01
3.0729847446279304e+00                  -1.4974845295728811e+01
3.0737183503461227e+00                  -1.4975200933331339e+01
3.0744507189545911e+00                  -1.4975023078126751e+01
3.0751818546186915e+00                  -1.4974934177830676e+01
3.0759117614827773e+00                  -1.4974756431813711e+01
3.0766404436703421e+00                  -1.4974489949114613e+01
3.0773679052841563e+00                  -1.4975023078126751e+01
3.0780941504064105e+00                  -1.4974756431813711e+01
3.0788191830988487e+00                  -1.4975913083410401e+01
3.0795430074029060e+00                  -1.4976002184335515e+01
3.0802656273398448e+00                  -1.4975378861402229e+01
3.0809870469108871e+00                  -1.4975645890263566e+01
3.0817072700973491e+00                  -1.4975645890263566e+01
3.0824263008607717e+00                  -1.4975378861402229e+01
3.0831441431430524e+00                  -1.4976002184335515e+01
3.0838608008665731e+00                  -1.4975467852781202e+01
3.0845762779343309e+00                  -1.4975023078126751e+01
3.0852905782300648e+00                  -1.4974223629828790e+01
3.0860037056183818e+00                  -1.4975556862399156e+01
3.0867156639448825e+00                  -1.4975111996624486e+01
3.0874264570362855e+00                  -1.4974667586077935e+01
3.0881360887005513e+00                  -1.4975111996624486e+01
3.0888445627270040e+00                  -1.4975467852781202e+01
3.0895518828864539e+00                  -1.4974401157872206e+01
3.0902580529313162e+00                  -1.4975023078126751e+01
3.0909630765957314e+00                  -1.4975111996624486e+01
3.0916669575956846e+00                  -1.4974223629828790e+01
3.0923696996291206e+00                  -1.4975200933331339e+01
3.0930713063760633e+00                  -1.4974489949114613e+01
3.0937717814987300e+00                  -1.4974223629828790e+01
3.0944711286416449e+00                  -1.4975645890263566e+01
3.0951693514317551e+00                  -1.4975824000761699e+01
3.0958664534785427e+00                  -1.4975289888254764e+01
3.0965624383741357e+00                  -1.4975111996624486e+01
3.0972573096934202e+00                  -1.4974223629828790e+01
3.0979510709941498e+00                  -1.4975023078126751e+01
3.0986437258170572e+00                  -1.4975200933331339e+01
3.0993352776859577e+00                  -1.4975200933331339e+01
3.1000257301078626e+00                  -1.4975378861402229e+01
3.1007150865730817e+00                  -1.4974134893012948e+01
3.1014033505553309e+00                  -1.4975824000761699e+01
3.1020905255118367e+00                  -1.4975200933331339e+01
3.1027766148834415e+00                  -1.4974223629828790e+01
3.1034616220947049e+00                  -1.4974401157872206e+01
3.1041455505540081e+00                  -1.4975378861402229e+01
3.1048284036536553e+00                  -1.4975200933331339e+01
3.1055101847699738e+00                  -1.4975913083410401e+01
3.1061908972634154e+00                  -1.4975824000761699e+01
3.1068705444786540e+00                  -1.4975023078126751e+01
3.1075491297446862e+00                  -1.4975200933331339e+01
3.1082266563749283e+00                  -1.4974578758514046e+01
3.1089031276673134e+00                  -1.4976358770950219e+01
3.1095785469043866e+00                  -1.4975200933331339e+01
3.1102529173534030e+00                  -1.4975200933331339e+01
3.1109262422664203e+00                  -1.4975200933331339e+01
3.1115985248803941e+00                  -1.4974489949114613e+01
3.1122697684172707e+00                  -1.4974845295728811e+01
3.1129399760840801e+00                  -1.4975556862399156e+01
3.1136091510730277e+00                  -1.4974401157872206e+01
3.1142772965615864e+00                  -1.4975023078126751e+01
3.1149444157125847e+00                  -1.4973957473755949e+01
3.1156105116742996e+00                  -1.4975734936381919e+01
3.1162755875805441e+00                  -1.4974934177830676e+01
3.1169396465507559e+00                  -1.4975111996624486e+01
3.1176026916900841e+00                  -1.4976447963370017e+01
3.1182647260894791e+00                  -1.4974756431813711e+01
3.1189257528257768e+00                  -1.4975111996624486e+01
3.1195857749617839e+00                  -1.4974934177830676e+01
3.1202447955463652e+00                  -1.4974401157872206e+01
3.1209028176145273e+00                  -1.4975913083410401e+01
3.1215598441875008e+00                  -1.4974934177830676e+01
3.1222158782728267e+00                  -1.4973868791299989e+01
3.1228709228644354e+00                  -1.4975645890263566e+01
3.1235249809427321e+00                  -1.4974667586077935e+01
3.1241780554746752e+00                  -1.4973780126949190e+01
3.1248301494138593e+00                  -1.4974046174324469e+01
3.1254812657005941e+00                  -1.4976358770950219e+01
3.1261314072619846e+00                  -1.4975467852781202e+01
3.1267805770120090e+00                  -1.4975200933331339e+01
3.1274287778515988e+00                  -1.4974845295728811e+01
3.1280760126687155e+00                  -1.4975023078126751e+01
3.1287222843384268e+00                  -1.4974223629828790e+01
3.1293675957229854e+00                  -1.4975289888254764e+01
3.1300119496719043e+00                  -1.4974667586077935e+01
3.1306553490220308e+00                  -1.4975467852781202e+01
3.1312977965976230e+00                  -1.4975556862399156e+01
3.1319392952104246e+00                  -1.4975289888254764e+01
3.1325798476597368e+00                  -1.4974756431813711e+01
3.1332194567324945e+00                  -1.4974934177830676e+01
3.1338581252033348e+00                  -1.4975023078126751e+01
3.1344958558346736e+00                  -1.4976358770950219e+01
3.1351326513767748e+00                  -1.4974223629828790e+01
3.1357685145678222e+00                  -1.4974134893012948e+01
3.1364034481339900e+00                  -1.4975289888254764e+01
3.1370374547895126e+00                  -1.4974845295728811e+01
3.1376705372367550e+00                  -1.4974756431813711e+01
3.1383026981662816e+00                  -1.4973957473755949e+01
3.1389339402569236e+00                  -1.4974312384779404e+01
3.1395642661758498e+00                  -1.4975289888254764e+01
3.1401936785786311e+00                  -1.4975289888254764e+01
3.1408221801093106e+00                  -1.4974934177830676e+01
3.1414497734004674e+00                  -1.4974934177830676e+01
3.1420764610732848e+00                  -1.4973691480696164e+01
3.1427022457376155e+00                  -1.4973957473755949e+01
3.1433271299920462e+00                  -1.4975645890263566e+01
3.1439511164239633e+00                  -1.4976091303544548e+01
3.1445742076096161e+00                  -1.4976358770950219e+01
3.1451964061141817e+00                  -1.4975378861402229e+01
3.1458177144918276e+00                  -1.4974578758514046e+01
3.1464381352857744e+00                  -1.4975200933331339e+01
3.1470576710283598e+00                  -1.4976537174111304e+01
3.1476763242410986e+00                  -1.4975023078126751e+01
3.1482940974347455e+00                  -1.4974223629828790e+01
3.1489109931093564e+00                  -1.4974667586077935e+01
3.1495270137543478e+00                  -1.4975467852781202e+01
3.1501421618485588e+00                  -1.4975111996624486e+01
3.1507564398603090e+00                  -1.4975378861402229e+01
3.1513698502474603e+00                  -1.4975289888254764e+01
3.1519823954574742e+00                  -1.4974223629828790e+01
3.1525940779274699e+00                  -1.4974667586077935e+01
3.1532049000842841e+00                  -1.4974578758514046e+01
3.1538148643445290e+00                  -1.4974845295728811e+01
3.1544239731146471e+00                  -1.4974578758514046e+01
3.1550322287909704e+00                  -1.4974578758514046e+01
3.1556396337597765e+00                  -1.4974312384779404e+01
3.1562461903973444e+00                  -1.4975467852781202e+01
3.1568519010700111e+00                  -1.4974134893012948e+01
3.1574567681342258e+00                  -1.4975111996624486e+01
3.1580607939366052e+00                  -1.4974489949114613e+01
3.1586639808139894e+00                  -1.4974934177830676e+01
3.1592663310934941e+00                  -1.4974223629828790e+01
3.1598678470925665e+00                  -1.4975111996624486e+01
3.1604685311190375e+00                  -1.4974934177830676e+01
3.1610683854711747e+00                  -1.4974934177830676e+01
3.1616674124377360e+00                  -1.4974934177830676e+01
3.1622656142980214e+00                  -1.4975645890263566e+01
3.1628629933219261e+00                  -1.4976537174111304e+01
3.1634595517699902e+00                  -1.4975023078126751e+01
3.1640552918934515e+00                  -1.4974578758514046e+01
3.1646502159342966e+00                  -1.4974578758514046e+01
3.1652443261253107e+00                  -1.4975645890263566e+01
3.1658376246901283e+00                  -1.4975556862399156e+01
3.1664301138432829e+00                  -1.4975378861402229e+01
3.1670217957902564e+00                  -1.4976269596844386e+01
3.1676126727275302e+00                  -1.4974134893012948e+01
3.1682027468426308e+00                  -1.4975023078126751e+01
3.1687920203141817e+00                  -1.4974312384779404e+01
3.1693804953119495e+00                  -1.4974401157872206e+01
3.1699681739968923e+00                  -1.4976269596844386e+01
3.1705550585212086e+00                  -1.4974845295728811e+01
3.1711411510283822e+00                  -1.4974845295728811e+01
3.1717264536532310e+00                  -1.4974667586077935e+01
3.1723109685219542e+00                  -1.4974845295728811e+01
3.1728946977521764e+00                  -1.4974756431813711e+01
3.1734776434529945e+00                  -1.4975378861402229e+01
3.1740598077250253e+00                  -1.4975913083410401e+01
3.1746411926604483e+00                  -1.4974489949114613e+01
3.1752218003430523e+00                  -1.4974223629828790e+01
3.1758016328482794e+00                  -1.4974756431813711e+01
3.1763806922432702e+00                  -1.4975289888254764e+01
