r      Eigenvalue
0     0
0.05     0.0104932
0.1     0.0209809
0.15     0.0314574
0.2     0.0419171
0.25     0.0523546
0.3     0.0627642
0.35     0.0731404
0.4     0.0834777
0.45     0.0937706
0.5     0.104014
0.55     0.114202
0.6     0.124329
0.65     0.13439
0.7     0.14438
0.75     0.154293
0.8     0.164124
0.85     0.173869
0.9     0.183521
0.95     0.193077
1     0.20253
1.05     0.211876
1.1     0.22111
1.15     0.230227
1.2     0.239223
1.25     0.248093
1.3     0.256833
1.35     0.265437
1.4     0.273902
1.45     0.282223
1.5     0.290396
1.55     0.298417
1.6     0.306282
1.65     0.313987
1.7     0.321528
1.75     0.328901
1.8     0.336103
1.85     0.34313
1.9     0.34998
1.95     0.356647
2     0.363131
2.05     0.369426
2.1     0.375531
2.15     0.381442
2.2     0.387158
2.25     0.392674
2.3     0.39799
2.35     0.403102
2.4     0.408008
2.45     0.412706
2.5     0.417195
2.55     0.421472
2.6     0.425535
2.65     0.429384
2.7     0.433017
2.75     0.436432
2.8     0.439628
2.85     0.442604
2.9     0.44536
2.95     0.447894
3     0.450207
3.05     0.452296
3.1     0.454163
3.15     0.455807
3.2     0.457227
3.25     0.458424
3.3     0.459398
3.35     0.46015
3.4     0.460679
3.45     0.460986
3.5     0.461073
3.55     0.460939
3.6     0.460586
3.65     0.460015
3.7     0.459228
3.75     0.458224
3.8     0.457007
3.85     0.455578
3.9     0.453937
3.95     0.452088
4     0.450033
4.05     0.447772
4.1     0.445309
4.15     0.442645
4.2     0.439784
4.25     0.436728
4.3     0.433479
4.35     0.43004
4.4     0.426414
4.45     0.422604
4.5     0.418614
4.55     0.414446
4.6     0.410103
4.65     0.405589
4.7     0.400908
4.75     0.396062
4.8     0.391056
4.85     0.385894
4.9     0.380578
4.95     0.375114
5     0.369504
5.05     0.363753
5.1     0.357865
5.15     0.351845
5.2     0.345695
5.25     0.339422
5.3     0.333029
5.35     0.326519
5.4     0.319899
5.45     0.313173
5.5     0.306344
5.55     0.299417
5.6     0.292398
5.65     0.285291
5.7     0.2781
5.75     0.27083
5.8     0.263486
5.85     0.256073
5.9     0.248596
5.95     0.241058
6     0.233466
6.05     0.225824
6.1     0.218137
6.15     0.21041
6.2     0.202647
6.25     0.194853
6.3     0.187033
6.35     0.179193
6.4     0.171336
6.45     0.163468
6.5     0.155593
6.55     0.147717
6.6     0.139843
6.65     0.131977
6.7     0.124123
6.75     0.116286
6.8     0.108471
6.85     0.100681
6.9     0.0929223
6.95     0.0851985
7     0.077514
7.05     0.0698734
7.1     0.0622809
7.15     0.0547408
7.2     0.0472572
7.25     0.0398344
7.3     0.0324764
7.35     0.0251872
7.4     0.0179707
7.45     0.0108308
7.5     0.00377127
7.55     -0.00320415
7.6     -0.0100918
7.65     -0.0168882
7.7     -0.0235899
7.75     -0.0301934
7.8     -0.0366955
7.85     -0.0430929
7.9     -0.0493826
7.95     -0.0555614
8     -0.0616265
8.05     -0.0675751
8.1     -0.0734043
8.15     -0.0791115
8.2     -0.0846943
8.25     -0.0901501
8.3     -0.0954766
8.35     -0.100672
8.4     -0.105733
8.45     -0.110658
8.5     -0.115446
8.55     -0.120095
8.6     -0.124602
8.65     -0.128967
8.7     -0.133187
8.75     -0.137261
8.8     -0.141189
8.85     -0.144969
8.9     -0.148599
8.95     -0.152079
9     -0.155409
9.05     -0.158586
9.1     -0.161612
9.15     -0.164484
9.2     -0.167204
9.25     -0.16977
9.3     -0.172182
9.35     -0.17444
9.4     -0.176545
9.45     -0.178496
9.5     -0.180294
9.55     -0.181939
9.6     -0.183431
9.65     -0.184772
9.7     -0.185961
9.75     -0.187
9.8     -0.187889
9.85     -0.188629
9.9     -0.189222
9.95     -0.189668
