r      Eigenvalue
0     0
0.05     0.00608648
0.1     0.0121713
0.15     0.0182527
0.2     0.0243291
0.25     0.0303988
0.3     0.0364602
0.35     0.0425114
0.4     0.048551
0.45     0.0545772
0.5     0.0605883
0.55     0.0665828
0.6     0.0725589
0.65     0.0785151
0.7     0.0844496
0.75     0.0903609
0.8     0.0962473
0.85     0.102107
0.9     0.107939
0.95     0.113741
1     0.119512
1.05     0.12525
1.1     0.130954
1.15     0.136622
1.2     0.142252
1.25     0.147843
1.3     0.153394
1.35     0.158902
1.4     0.164367
1.45     0.169787
1.5     0.175161
1.55     0.180486
1.6     0.185762
1.65     0.190988
1.7     0.196161
1.75     0.201281
1.8     0.206346
1.85     0.211354
1.9     0.216305
1.95     0.221197
2     0.226028
2.05     0.230799
2.1     0.235506
2.15     0.24015
2.2     0.244728
2.25     0.24924
2.3     0.253684
2.35     0.25806
2.4     0.262366
2.45     0.266601
2.5     0.270764
2.55     0.274853
2.6     0.278869
2.65     0.28281
2.7     0.286674
2.75     0.290462
2.8     0.294171
2.85     0.297801
2.9     0.301352
2.95     0.304822
3     0.30821
3.05     0.311516
3.1     0.314739
3.15     0.317878
3.2     0.320933
3.25     0.323902
3.3     0.326785
3.35     0.329581
3.4     0.33229
3.45     0.334911
3.5     0.337444
3.55     0.339888
3.6     0.342242
3.65     0.344506
3.7     0.34668
3.75     0.348762
3.8     0.350754
3.85     0.352654
3.9     0.354462
3.95     0.356177
4     0.3578
4.05     0.35933
4.1     0.360766
4.15     0.36211
4.2     0.36336
4.25     0.364516
4.3     0.365579
4.35     0.366547
4.4     0.367422
4.45     0.368203
4.5     0.36889
4.55     0.369483
4.6     0.369982
4.65     0.370388
4.7     0.370699
4.75     0.370918
4.8     0.371043
4.85     0.371074
4.9     0.371013
4.95     0.370859
5     0.370613
5.05     0.370275
5.1     0.369845
5.15     0.369324
5.2     0.368712
5.25     0.368009
5.3     0.367216
5.35     0.366334
5.4     0.365362
5.45     0.364302
5.5     0.363154
5.55     0.361918
5.6     0.360595
5.65     0.359187
5.7     0.357692
5.75     0.356113
5.8     0.35445
5.85     0.352703
5.9     0.350873
5.95     0.348962
6     0.346969
6.05     0.344896
6.1     0.342743
6.15     0.340512
6.2     0.338204
6.25     0.335818
6.3     0.333357
6.35     0.33082
6.4     0.32821
6.45     0.325527
6.5     0.322772
6.55     0.319946
6.6     0.31705
6.65     0.314085
6.7     0.311052
6.75     0.307953
6.8     0.304789
6.85     0.30156
6.9     0.298268
6.95     0.294915
7     0.2915
7.05     0.288026
7.1     0.284493
7.15     0.280903
7.2     0.277258
7.25     0.273557
7.3     0.269804
7.35     0.265998
7.4     0.262142
7.45     0.258236
7.5     0.254282
7.55     0.250281
7.6     0.246235
7.65     0.242145
7.7     0.238012
7.75     0.233838
7.8     0.229624
7.85     0.225371
7.9     0.221081
7.95     0.216756
8     0.212396
8.05     0.208003
8.1     0.203578
8.15     0.199124
8.2     0.19464
8.25     0.19013
8.3     0.185594
8.35     0.181033
8.4     0.17645
8.45     0.171845
8.5     0.16722
8.55     0.162577
8.6     0.157916
8.65     0.15324
8.7     0.14855
8.75     0.143847
8.8     0.139132
8.85     0.134408
8.9     0.129675
8.95     0.124936
9     0.120191
9.05     0.115441
9.1     0.11069
9.15     0.105936
9.2     0.101183
9.25     0.096432
9.3     0.0916836
9.35     0.0869396
9.4     0.0822014
9.45     0.0774703
9.5     0.0727478
9.55     0.0680352
9.6     0.0633339
9.65     0.0586453
9.7     0.0539706
9.75     0.0493112
9.8     0.0446685
9.85     0.0400436
9.9     0.0354381
9.95     0.030853
