# uniform1 uniform2 gaussian1 gaussian2
  0.169829 0.269831 -1.370609 0.516411
  0.720630 0.611099 -0.005297 -0.376497
  0.070516 0.792412 -2.185452 -0.986083
  0.424525 0.430869 0.851717 -0.879281
  0.955233 0.588130 0.404006 0.783184
  0.362422 0.794158 0.913251 -0.954984
  0.972207 0.058557 -0.859528 -0.467743
  0.375992 0.037882 0.028341 -0.799450
  0.698424 0.571916 -0.819028 1.309245
  0.510246 0.503221 -1.265961 0.778029
  0.472154 0.257186 -0.184792 -0.589262
  0.128447 0.174052 0.119622 0.654764
  0.271201 0.535997 1.432329 -2.213210
  0.111451 0.403328 0.984545 -0.760968
  0.808679 0.777213 -1.191434 0.215257
  0.490507 0.864115 -0.790730 0.328045
  0.097739 0.609692 1.344392 1.839529
  0.271815 0.645384 0.573917 -1.839243
  0.719243 0.885334 0.993663 -1.015450
  0.618406 0.745187 -0.314522 1.726892
  0.298082 0.050614 -0.537301 0.949812
  0.159474 0.121189 -0.122802 -0.699827
  0.979399 0.861872 0.723758 0.319816
  0.157253 0.402730 -0.970493 -1.259358
  0.784382 0.506780 -0.887566 -1.740753
  0.827334 0.970739 -0.350787 -0.650025
  0.874622 0.136161 1.036258 -1.074434
  0.493413 0.822614 -1.127126 -0.474730
  0.963991 0.840856 0.244107 -0.204716
  0.795289 0.634542 0.673671 -1.453661
  0.565220 0.228606 -2.801600 1.051016
  0.749788 0.227265 -0.057931 0.474452
  0.036771 0.020657 -0.276844 -0.073115
  0.116537 0.822986 -0.449535 -0.006596
  0.096429 0.091169 0.576306 0.293985
  0.386153 0.625220 -0.237059 -1.108322
  0.047112 0.606783 1.118942 0.926491
  0.172597 0.906240 -0.038594 0.731657
  0.621272 0.548370 -0.032734 -0.913114
  0.333023 0.185282 -1.783348 -0.446696
  0.951518 0.750052 -0.328428 0.666304
  0.743502 0.044500 -0.869019 -0.093563
  0.866856 0.034584 0.696595 -1.850471
  0.911185 0.513325 0.347877 -0.521849
  0.499030 0.769829 2.541934 -0.422115
  0.956584 0.799893 -0.171062 -0.669691
  0.996109 0.248786 0.826486 -0.024009
  0.904881 0.488550 0.375398 1.410758
  0.283606 0.675292 0.156793 1.049168
  0.561827 0.134454 -0.404207 1.101249
  0.608069 0.927309 0.267536 2.314341
  0.967923 0.652321 0.566087 1.724257
  0.298473 0.992406 -1.643101 0.355929
  0.316053 0.716352 0.170796 1.066522
  0.199925 0.757696 0.614477 0.014931
  0.761902 0.564172 -1.273879 -0.698208
  0.931603 0.771605 0.297186 -0.580776
  0.394673 0.198882 0.543716 0.005123
  0.460055 0.720233 1.006488 -0.518140
  0.120372 0.715859 -0.660474 0.317861
  0.896562 0.086661 -2.326276 -0.171304
  0.484617 0.386658 -0.289171 0.358063
  0.198823 0.853306 0.452591 -0.049024
  0.489264 0.626150 0.491453 -0.673785
  0.990766 0.998047 0.180736 0.281304
  0.840882 0.242422 0.395412 1.520631
  0.613092 0.127787 -1.263294 -1.432558
  0.193830 0.817440 -1.149462 -0.465892
  0.087748 0.842292 -0.580286 -0.167891
  0.868199 0.855239 1.018680 0.115785
  0.517088 0.210064 1.192916 1.484792
  0.056165 0.495716 -0.398139 1.514529
  0.098803 0.368122 -0.035741 2.303661
  0.001021 0.262726 0.153304 -0.326016
  0.755842 0.938406 1.537964 -1.380802
  0.402983 0.286002 0.460436 -2.190343
  0.343444 0.932236 0.118593 0.237681
  0.865546 0.708572 -0.288011 -1.060212
  0.574879 0.336564 -0.653864 0.571789
  0.667268 0.512864 0.460688 0.576552
  0.240865 0.733714 0.556309 -1.014048
  0.729429 0.386673 -1.397218 0.304381
  0.846697 0.957808 1.958998 0.341492
  0.912071 0.727701 -0.102121 1.130080
  0.694830 0.084979 0.433487 -0.390035
  0.846922 0.809785 -1.042009 -0.755474
  0.888429 0.579014 2.089176 0.773746
  0.134313 0.402815 -1.074006 -1.143820
  0.787427 0.555341 -0.870856 0.262792
  0.404156 0.301601 0.210056 0.342255
  0.416425 0.262328 -1.145890 0.004429
  0.078487 0.919932 0.041106 0.572136
  0.789597 0.216169 0.377381 0.709000
  0.855107 0.929014 -1.357369 0.502501
  0.989092 0.201073 0.512964 -1.641459
  0.447077 0.694236 2.031489 0.670969
  0.513478 0.169033 -0.440040 1.986074
  0.409584 0.077583 0.080730 -1.596885
  0.069874 0.330143 -1.107101 0.278547
  0.488028 0.963268 -1.205776 -0.207052
  0.729473 0.405918 1.348914 0.586110
  0.026331 0.984842 1.422517 1.026529
  0.763366 0.920730 1.324540 -0.326288
  0.367433 0.054726 0.113130 -1.035117
  0.048784 0.371751 -2.610389 0.200330
  0.283166 0.850978 0.656463 -0.404091
  0.210395 0.937174 1.814223 -0.881996
  0.348152 0.307665 -1.661043 -0.956641
  0.661460 0.265359 0.708070 1.549450
  0.568460 0.173733 -1.326193 -0.825769
  0.721829 0.724481 -0.284374 0.002038
  0.716778 0.769598 0.993766 1.430625
  0.572549 0.141334 0.013183 0.771108
  0.864626 0.817935 -0.671168 1.505036
  0.289234 0.241985 -0.112947 -0.324942
  0.044521 0.446718 0.188229 -0.848020
  0.937409 0.829192 2.121661 -0.265858
  0.002695 0.786719 -0.792958 0.622836
  0.784215 0.135170 -2.624066 0.824764
  0.619606 0.316837 0.659977 0.147699
  0.785665 0.667552 0.384206 -1.611149
  0.099566 0.592939 -0.850443 -0.202858
  0.568221 0.856805 0.665687 -1.744710
  0.064051 0.190189 -0.686164 -0.911965
  0.172590 0.967353 0.750939 0.705397
  0.835051 0.249174 1.731110 0.933841
  0.434283 0.167586 -0.465212 -1.656810
  0.951441 0.690708 1.731909 1.104673
  0.844885 0.037868 0.616415 0.692090
  0.780076 0.358299 2.495222 0.566545
  0.858228 0.079035 -0.526973 1.104815
  0.560429 0.493702 -0.269502 -2.160747
  0.041932 0.274454 -0.709848 0.579091
  0.099102 0.623299 -0.865480 0.207024
  0.179738 0.272311 0.530846 -2.161302
  0.499328 0.126568 0.297385 0.338801
  0.557495 0.265517 -1.820930 1.411201
  0.569715 0.691589 1.260919 0.069597
  0.419170 0.503348 0.290694 -0.784740
  0.190206 0.392769 0.562704 -1.522342
  0.435998 0.482272 0.111513 1.663063
  0.988271 0.577384 0.311623 0.139619
  0.031761 0.214138 -0.109216 0.118457
  0.077783 0.176579 0.496735 -0.420005
  0.962462 0.846119 0.556232 0.545459
  0.944971 0.838645 1.104615 0.410144
  0.302132 0.629870 0.332091 0.442368
  0.824329 0.897371 0.192536 -1.745716
  0.700003 0.218588 0.131886 -0.580108
  0.649594 0.707405 -0.971113 -0.727704
  0.190207 0.305680 -0.536583 -1.635911
  0.777512 0.138087 2.278410 -1.440021
  0.358014 0.556467 -0.704782 1.102344
  0.672434 0.658605 -1.478547 -1.224634
  0.099542 0.750649 0.107590 0.999914
  0.804996 0.333931 -0.481981 -0.865584
  0.296498 0.085296 0.310644 -0.227744
  0.657394 0.904871 -0.313487 -0.146216
  0.948695 0.049001 1.597757 0.061599
  0.481991 0.493368 1.133885 -0.468670
  0.769287 0.295666 -1.067747 -0.251447
  0.520404 0.451073 -0.862073 -0.013218
  0.931585 0.386305 -0.523202 -0.688788
  0.827916 0.100751 -1.707586 1.540124
  0.995263 0.030150 -0.889156 0.350412
  0.783670 0.979715 -0.968955 -1.164841
  0.350357 0.472064 -1.390681 1.494178
  0.842118 0.606591 0.398091 0.488150
  0.905556 0.070228 0.355827 -0.451105
  0.603203 0.916711 -1.666736 0.607633
  0.071603 0.154981 -1.407486 -1.202527
  0.076705 0.256401 0.471781 0.466021
  0.000216 0.422396 -0.787650 -1.217718
  0.454601 0.324870 -0.891639 0.234936
  0.980754 0.569293 -1.729035 -1.799288
  0.043715 0.092717 1.017311 -1.499597
  0.623397 0.462445 0.809037 0.539480
  0.133510 0.644537 -0.416310 0.711673
  0.245212 0.377870 0.915777 -0.751547
  0.601216 0.363373 0.145289 -1.936203
  0.005195 0.942285 0.888550 0.787366
  0.194514 0.039939 -0.122936 -0.208207
  0.150878 0.090923 -0.191629 -1.849656
  0.887776 0.628531 -1.337359 2.338564
  0.699428 0.697504 0.278187 0.981878
  0.383643 0.006304 0.228764 -0.154551
  0.809423 0.745477 -0.304085 -0.221725
  0.557257 0.090815 -1.808084 -0.403310
  0.611020 0.621231 -0.162625 1.348012
  0.620592 0.262775 0.726588 2.307862
  0.551450 0.632563 -0.731318 -0.352865
  0.512588 0.353062 0.243888 0.740223
  0.095286 0.221812 -1.064661 0.392865
  0.797674 0.650581 1.169364 0.645117
  0.029873 0.580270 -1.009304 1.828106
  0.847391 0.559463 -0.588276 0.274593
  0.200016 0.689100 -1.443414 -1.402820
  0.784096 0.916483 1.113567 -0.372397
  0.707514 0.831013 1.018232 0.528815
  0.798207 0.534479 -1.386751 0.921450
  0.343033 0.867155 0.019789 0.010661
  0.435940 0.872763 -0.582028 1.831480
  0.353712 0.042841 0.735026 1.140285
  0.918058 0.172863 -0.102202 0.127677
  0.266155 0.115812 1.657927 0.923252
  0.404247 0.303516 -0.169838 -1.212491
  0.448323 0.741877 -0.880864 1.546973
  0.164878 0.707054 -0.663416 0.389349
  0.360552 0.191389 -0.892155 1.320581
  0.985588 0.604061 0.512766 0.082456
  0.977986 0.893590 -0.239690 0.826421
  0.572917 0.124989 -1.709081 1.249146
  0.125950 0.286794 0.981747 -0.940788
  0.243040 0.708380 -1.495013 1.047177
  0.212476 0.943984 1.011756 0.197912
  0.165364 0.915337 1.087127 0.386989
  0.281853 0.001250 -0.702242 -0.904538
  0.560121 0.797608 0.890694 0.253243
  0.565958 0.996393 1.158407 1.060343
  0.994438 0.026476 1.358255 1.077151
  0.022494 0.515383 -1.073263 0.328471
  0.091860 0.758125 -0.171684 0.593651
  0.668778 0.881422 -1.399074 -1.069583
  0.462077 0.216723 0.553713 -0.249139
  0.477878 0.980266 -0.383009 -0.764806
  0.784967 0.380491 -0.982063 -0.542954
  0.898126 0.125663 1.256702 0.856866
  0.023913 0.259764 0.191041 0.367406
  0.032671 0.462880 -0.531501 0.919188
  0.896684 0.811893 1.299241 -0.991787
  0.685182 0.211444 -0.245436 -0.228586
  0.913244 0.290717 -0.852564 -1.261576
  0.503581 0.991346 0.214956 -1.074773
  0.559301 0.515449 -0.822577 0.159108
  0.061505 0.195479 -0.274661 2.629481
  0.226176 0.127933 -0.832101 -0.992627
  0.130639 0.368207 -0.600291 -0.474880
  0.431937 0.813459 0.081357 -1.649249
  0.951281 0.145702 0.133229 0.895861
  0.866716 0.312625 1.386058 -0.580175
  0.885230 0.481141 0.372278 0.365549
  0.220216 0.307895 0.829776 0.708892
  0.675727 0.726968 -1.411759 -1.246226
  0.841791 0.309154 -0.197038 0.796253
  0.173786 0.477444 0.229224 1.219631
  0.709754 0.893012 -0.671892 -0.937968
  0.271581 0.724974 0.225239 -1.003104
  0.053984 0.520426 -0.671331 -0.216059
  0.952683 0.363687 0.572246 0.894767
  0.098357 0.719456 1.219939 0.046979
  0.064443 0.830375 0.564051 -1.189942
  0.164945 0.626358 0.395453 1.424697
  0.270243 0.043386 -0.302707 0.385249
  0.257219 0.846716 -0.375855 0.360599
  0.682733 0.965711 1.027035 -2.068499
  0.332867 0.588334 -0.266936 0.319826
  0.655771 0.337687 2.770331 1.044397
  0.896743 0.586032 -0.182380 0.932699
  0.800007 0.389559 -0.199884 0.957493
  0.365979 0.747328 -1.600597 -1.572197
  0.611240 0.427853 -0.195165 0.338987
  0.870106 0.176226 -0.232091 -0.041622
  0.732331 0.459835 -1.452466 0.583724
  0.515205 0.003771 -0.334761 1.158895
  0.430282 0.202727 0.442237 0.238052
  0.237053 0.758546 -0.688907 -1.215420
  0.377653 0.467703 -0.658499 1.075431
  0.618378 0.072975 0.095693 0.236477
  0.156329 0.428534 0.724646 -0.475120
  0.483111 0.072570 2.441367 0.332027
  0.029060 0.208522 0.264663 -0.901609
  0.983098 0.113339 0.095535 -2.168372
  0.874485 0.303401 -1.355110 -1.946465
  0.333105 0.745005 1.067023 -1.434104
  0.456106 0.661817 0.492421 -1.061170
  0.643412 0.309937 -1.161218 -1.098633
  0.129134 0.102545 0.012935 -0.944878
  0.156762 0.447156 -0.806877 -0.455484
  0.980591 0.920531 -0.635375 0.170660
  0.714789 0.347844 1.623766 0.619872
  0.674298 0.535454 -1.760314 -0.157619
  0.179528 0.936759 0.209069 1.394925
  0.818998 0.126979 -0.799887 0.284810
  0.291255 0.524850 1.888167 1.504247
  0.224124 0.646602 0.229507 0.342397
  0.804497 0.203933 0.196641 0.865677
  0.769821 0.238099 0.588749 -0.590447
  0.685207 0.966654 -0.291808 -2.488142
  0.281511 0.818456 1.579945 0.067531
  0.238523 0.795197 0.339030 0.154404
  0.469824 0.158605 0.034015 0.107052
  0.945435 0.848510 0.632838 -0.861785
  0.451966 0.371552 0.067903 1.286099
  0.000920 0.490848 0.715493 -0.711216
  0.375478 0.273067 1.304961 -0.030651
  0.358184 0.184578 0.180477 2.228716
  0.882403 0.911456 -1.108020 -1.447073
  0.959400 0.219307 0.275919 0.147996
  0.075237 0.921053 -0.042181 -0.847767
  0.890580 0.788274 -0.125805 0.974469
  0.110737 0.375586 0.270959 0.606270
  0.944280 0.804204 -1.603481 0.241798
  0.592436 0.439681 1.435052 0.076908
  0.316779 0.561644 1.814212 -1.887973
  0.762814 0.394674 0.034930 -1.050885
  0.769281 0.972260 0.889351 1.149310
  0.364490 0.274928 0.674022 -1.964600
  0.060132 0.548255 -1.599698 -0.128123
  0.239763 0.827655 -0.383608 0.228770
  0.329619 0.631575 -0.597200 0.912602
  0.189902 0.378876 0.680772 -0.139016
  0.745284 0.876731 0.013544 -0.211462
  0.743596 0.020982 0.208102 0.000114
  0.584528 0.632350 -0.227049 0.808625
  0.343242 0.698962 -1.214156 1.134038
  0.249774 0.293652 0.857426 0.270976
  0.652250 0.216427 -0.253305 0.629790
  0.442152 0.688025 -0.634926 -0.710073
  0.638921 0.533967 -0.053522 0.781135
  0.547840 0.399095 -0.175447 -0.399316
  0.644435 0.692178 -0.210465 2.089057
  0.827316 0.148991 -0.235969 -0.719947
  0.421775 0.149499 -0.887486 0.224332
  0.650322 0.363370 0.257045 -1.105118
  0.145230 0.669397 -1.679798 0.138458
  0.027356 0.394530 0.718608 1.611017
  0.176285 0.762825 0.759527 0.964069
  0.377176 0.398810 0.198127 0.516696
  0.055595 0.699280 -1.607336 -0.267013
  0.761611 0.384774 0.429820 -2.380657
  0.566976 0.772017 -0.451935 0.335468
  0.282269 0.272283 0.151600 -0.856814
  0.660007 0.807780 -0.569099 -0.667054
  0.027258 0.604318 1.366523 -0.843951
  0.312901 0.627977 0.559529 -0.508012
  0.017602 0.193344 -0.399306 -1.127002
  0.059552 0.766963 0.121183 -0.329125
  0.791951 0.107921 -1.459741 1.287412
  0.177492 0.559758 1.511677 -0.575767
  0.399693 0.345167 1.679814 -0.131811
  0.698546 0.005232 0.402371 -0.545350
  0.994721 0.588257 -0.297513 0.910166
  0.249666 0.548543 0.122433 0.468649
  0.147713 0.576821 0.088867 -1.874052
  0.835496 0.788922 0.272692 -1.598179
  0.642981 0.716765 -0.478091 0.270608
  0.868011 0.498937 0.345611 -0.074895
  0.014469 0.752294 -2.025532 -0.885683
  0.114032 0.660434 0.527797 -0.295897
  0.281984 0.300193 1.881988 0.222389
  0.120673 0.585901 0.386310 -0.437392
  0.444535 0.986560 -0.925111 0.568674
  0.115499 0.474760 -0.355277 0.456762
  0.074158 0.361647 -0.504944 0.502810
  0.774111 0.536841 -0.147547 -0.748555
  0.589740 0.276494 -0.679436 1.276220
  0.946842 0.148981 1.913713 -0.770555
  0.062333 0.103835 1.318046 -1.825773
  0.604041 0.778737 -0.787040 0.083401
  0.700787 0.178630 -0.741297 -0.885337
  0.604247 0.933382 1.212440 0.024649
  0.851553 0.555174 -1.913060 0.360540
  0.956366 0.863222 -0.214199 0.143242
  0.373432 0.457260 -0.533287 -0.440137
  0.767752 0.293463 2.387119 -1.177477
  0.145559 0.548331 -0.019289 -2.444921
  0.151035 0.841059 0.708435 0.701934
  0.265153 0.963009 -1.007017 0.083492
  0.050859 0.697206 -0.454155 -0.734660
  0.233950 0.417490 -0.402496 -0.939765
  0.385946 0.647270 0.793229 0.878281
  0.969612 0.454585 -0.648420 0.293183
  0.230698 0.766635 0.479737 -1.123061
  0.926099 0.983188 -0.747800 0.745172
  0.111352 0.742152 -0.960331 1.029710
  0.961849 0.669019 -1.496710 -0.960264
  0.020506 0.443923 0.487318 -0.306521
  0.054625 0.859495 -0.577114 1.669453
  0.986138 0.857669 -0.476260 -1.282243
  0.941202 0.055810 3.004818 -2.436296
  0.633195 0.836535 1.311625 1.632616
  0.378100 0.822158 1.112291 -2.362372
  0.103258 0.587822 1.287218 -0.859371
  0.358616 0.339209 0.629034 0.179652
  0.191178 0.392491 1.608031 0.724435
  0.643275 0.861093 -1.514728 -0.191616
  0.616274 0.402068 -0.791201 -0.425134
  0.961063 0.547050 0.210332 0.391991
  0.334012 0.798021 -0.837595 -0.716252
  0.479077 0.129490 0.097527 -0.252008
  0.946374 0.299538 -0.322322 -1.030674
  0.880829 0.657583 0.792515 -1.802375
  0.183373 0.014006 0.807437 1.741177
  0.727868 0.874199 -0.568464 0.021290
  0.578298 0.601728 -0.381746 -0.005361
  0.414908 0.907987 -1.083153 -0.350228
  0.648953 0.438711 0.777138 -0.854858
  0.521374 0.805336 -1.742052 0.831374
  0.905300 0.631400 0.655657 0.353824
  0.966102 0.138313 -0.825893 -0.464368
  0.603038 0.827820 -1.435800 0.925614
  0.660670 0.300455 0.588234 -1.936467
  0.999575 0.376534 -0.492123 -1.162707
  0.145900 0.247153 0.999538 -0.070937
  0.104449 0.526718 0.085934 0.290061
  0.466769 0.042777 0.174888 2.409136
  0.454870 0.189910 -0.346688 0.492240
  0.052920 0.018219 -0.680309 -0.505074
  0.118511 0.029815 -0.699604 0.027274
  0.569730 0.502512 3.031787 -0.413761
  0.311416 0.813490 -0.170402 0.240146
  0.192108 0.626186 1.993943 -3.193275
  0.500496 0.278897 0.288880 1.395192
  0.445562 0.179121 2.575541 -0.555843
  0.357062 0.433791 -1.578140 -1.486372
  0.253297 0.550822 0.888881 -0.520738
  0.918932 0.697491 -0.968092 0.295065
  0.426717 0.305461 0.086286 -1.744285
  0.922476 0.115656 1.338817 -0.177155
  0.171366 0.220192 -0.081432 0.572946
  0.140453 0.777770 0.302080 -0.198319
  0.669158 0.696121 -1.383339 0.095930
  0.056410 0.069263 0.435102 0.595620
  0.592481 0.204967 -0.608413 -0.331259
  0.351658 0.212304 -1.126923 -1.356547
  0.512641 0.102405 -0.029724 0.925669
  0.784415 0.784569 -2.150113 -1.646548
  0.235632 0.198980 -0.287406 -2.493080
  0.586898 0.186750 -0.367298 0.266732
  0.636803 0.015733 0.125906 0.290093
  0.855366 0.087849 0.155572 1.188614
  0.390320 0.330933 0.425300 0.803714
  0.564188 0.050680 2.232566 0.909188
  0.275063 0.852604 -2.024982 -0.215324
  0.144511 0.322021 0.636305 0.310941
  0.644945 0.245457 1.797214 -0.469106
  0.362153 0.612564 0.351752 0.702330
  0.069479 0.904641 -0.437106 1.079295
  0.522432 0.088331 -0.625901 -0.588800
  0.917916 0.459175 0.838914 -0.308234
  0.162093 0.483508 -0.227135 1.919357
  0.188874 0.920891 0.209757 0.063045
  0.228498 0.145934 -0.344688 0.675991
  0.320226 0.335181 -0.057402 -0.059060
  0.603658 0.988207 0.955030 0.303470
  0.173176 0.166948 1.625579 0.444528
  0.590769 0.596177 2.442611 0.324168
  0.329999 0.186568 -0.277012 -1.961702
  0.392895 0.616045 0.103532 0.443750
  0.113963 0.055755 1.357671 -0.888264
  0.639285 0.765636 -1.266911 0.109801
  0.361287 0.959217 0.337458 2.061260
  0.500470 0.589301 1.658398 -0.501271
  0.150395 0.103820 0.018802 -0.794171
  0.647513 0.257099 0.593613 1.552909
  0.277539 0.846323 -0.826579 0.779156
  0.072870 0.846799 0.230205 0.562255
  0.261476 0.550877 0.038606 -1.228681
  0.952720 0.205319 -1.462991 0.466538
  0.852519 0.525291 -1.387328 -0.121029
  0.582274 0.680731 0.352976 0.118666
  0.786931 0.564113 1.099076 0.762858
  0.756558 0.380676 0.299234 -1.040190
  0.044411 0.480591 0.183574 0.053575
  0.349364 0.698563 1.526649 -1.326962
  0.370182 0.594781 1.224951 -0.393571
  0.209564 0.092570 0.963395 1.420843
  0.361577 0.166528 1.213011 0.535515
  0.745376 0.758951 0.097448 0.240036
  0.692882 0.157430 1.584306 1.225875
  0.510832 0.253146 -0.252910 -2.200476
  0.815020 0.165097 -0.427508 1.021254
  0.207116 0.353829 -2.149903 1.716325
  0.398245 0.371359 1.063641 -0.536842
  0.946151 0.896698 0.840504 -2.569121
  0.674305 0.224644 0.796235 0.658322
  0.749129 0.051171 -0.326039 -2.064769
  0.361092 0.062826 1.000783 0.382580
  0.384015 0.706768 0.070809 0.678636
  0.761586 0.809682 -0.716389 -1.497376
  0.433188 0.256515 0.561087 0.339749
  0.865975 0.140470 -0.317627 0.219758
  0.726557 0.327349 0.278940 -0.358934
  0.944786 0.708383 1.399436 1.553181
  0.401630 0.764519 1.083763 -1.832593
  0.900825 0.029768 0.871111 0.262052
  0.819566 0.755122 0.062843 1.114349
  0.019248 0.926723 1.039958 0.570819
  0.819312 0.798907 -0.474478 -0.478654
  0.003963 0.198437 0.834771 -0.828815
  0.902183 0.139984 -1.382079 -0.226178
  0.191919 0.921652 -1.104498 0.546631
  0.513215 0.045376 -1.144128 0.998198
  0.447193 0.700518 1.361775 1.556106
  0.748602 0.036682 0.308619 0.370609
  0.857627 0.558573 -1.214432 -1.280261
  0.459357 0.056330 0.495489 1.295805
  0.827329 0.275407 -1.242703 0.866738
  0.326128 0.808560 -0.543235 0.314263
  0.875022 0.224919 0.403575 -0.339904
  0.084077 0.390687 -0.543472 -0.811004
  0.577742 0.699389 -0.115626 0.425555
  0.532390 0.494648 1.251628 -0.669564
  0.836018 0.588515 -1.134361 0.309735
  0.589663 0.451412 0.210507 0.179610
  0.810710 0.684054 0.144941 -1.529552
  0.053557 0.775355 0.171833 -1.215573
  0.702353 0.273487 -1.007261 1.106535
  0.487124 0.061191 -0.168047 -1.407217
  0.840679 0.094565 1.555805 -0.721660
  0.964574 0.839184 0.498145 -1.477744
  0.904873 0.958100 -0.632488 0.309077
  0.076070 0.631517 0.610684 1.654753
  0.180750 0.364943 -0.051294 -0.964587
  0.893591 0.387725 -0.322523 -0.590842
  0.389847 0.730359 0.117369 -1.738121
  0.855676 0.236841 -1.054855 -0.547899
  0.225986 0.709947 0.462349 -0.652275
  0.963973 0.967010 -0.541453 0.804164
  0.950387 0.562112 0.056286 0.260383
  0.918715 0.675050 -0.255080 -0.632562
  0.918791 0.833159 1.245993 -0.136469
  0.008691 0.995081 2.509619 -0.907993
  0.508092 0.902268 -2.366800 -0.323007
  0.528281 0.900602 0.439183 0.486755
  0.657919 0.998915 0.038921 -0.996579
  0.518538 0.788976 0.259890 -0.825132
  0.863771 0.620506 3.047611 -1.682407
  0.137189 0.115568 1.129164 0.774622
  0.262511 0.434901 -1.148165 -0.665606
  0.367980 0.036811 -1.102242 0.940557
  0.409436 0.064646 -0.291374 0.021523
  0.044925 0.044555 -0.813411 0.579120
  0.850977 0.777886 0.528865 -0.708651
  0.093216 0.537135 1.070542 -0.112870
  0.153892 0.115832 -0.585137 -0.352039
  0.082386 0.079718 -0.679762 -0.472208
  0.535112 0.825571 -0.975294 -0.701575
  0.451035 0.003236 -0.688078 0.149823
  0.484421 0.354064 -1.436499 1.137557
  0.084063 0.953933 0.793833 -0.332504
  0.618486 0.990042 0.725489 -0.134866
  0.443919 0.101019 -0.580647 -0.920234
  0.031266 0.752584 -0.033604 -0.633735
  0.139397 0.875647 -0.557686 0.166091
  0.041176 0.226787 0.054624 -0.816792
  0.140814 0.095061 0.743548 0.402761
  0.546621 0.603006 0.202729 0.716123
  0.409708 0.605852 0.181843 0.400323
  0.136339 0.327897 -0.170411 0.758426
  0.228514 0.320180 -0.866565 0.031423
  0.010617 0.406867 0.258480 -0.947596
  0.046259 0.145355 -0.353603 -0.806772
  0.023222 0.209085 -0.891994 -0.088090
  0.740735 0.985096 0.443906 -1.917202
  0.154955 0.343939 1.631331 1.440483
  0.302621 0.199362 -0.753416 -0.846930
  0.223415 0.757294 -0.329367 -0.980323
  0.975465 0.440580 0.933167 0.815974
  0.882891 0.774230 -0.149666 -0.892833
  0.934716 0.850895 -3.038189 1.872756
  0.588504 0.415363 -0.461775 0.359265
  0.379036 0.575375 0.636387 -1.501947
  0.247464 0.381909 -0.653162 0.686183
  0.172746 0.993997 0.054674 0.345728
  0.605326 0.154909 -0.709761 -0.405707
  0.762514 0.946855 -1.837035 -1.113391
  0.731154 0.777583 0.206985 -0.003812
  0.960864 0.450105 0.288059 -2.830842
  0.904335 0.304354 1.182498 0.992872
  0.984360 0.296897 0.193397 -0.941902
  0.303648 0.266032 -0.956212 -0.131583
  0.204232 0.195640 -0.297529 0.485529
  0.645909 0.556206 1.394097 -1.285931
  0.776929 0.442041 1.541208 1.581692
  0.593627 0.344136 1.134590 -1.460729
  0.801756 0.858672 -0.636440 1.061748
  0.131686 0.046375 0.977873 0.260953
  0.285152 0.843867 0.117271 1.336300
  0.079399 0.851398 -0.123885 -2.794923
  0.880827 0.977295 -0.889558 0.339122
  0.004344 0.212739 0.023949 1.315371
  0.178614 0.721840 1.188692 0.010119
  0.761305 0.773893 -0.260629 -0.768929
  0.014446 0.606442 -1.496522 -0.696952
  0.015543 0.027857 -1.328230 -0.705036
  0.101811 0.644116 0.522123 -0.649176
  0.128141 0.268890 -0.687931 -1.408513
  0.632684 0.996935 -0.224209 -0.629798
  0.518346 0.077682 -0.285538 -1.131217
  0.972823 0.248159 0.217665 -0.145031
  0.814968 0.288241 1.429592 0.847576
  0.916293 0.905695 0.408407 1.206892
  0.659796 0.285455 -0.477405 -1.262223
  0.924518 0.676892 -0.643749 0.802413
  0.443762 0.477274 -0.817928 1.095834
  0.171014 0.523151 -0.654638 0.849573
  0.679686 0.845828 -0.542355 0.415905
  0.277125 0.080853 0.269707 0.063294
  0.338933 0.053927 -0.331863 1.042726
  0.436251 0.249858 -0.831827 -0.561264
  0.152641 0.346326 -0.559451 -0.756948
  0.066745 0.549897 1.653001 -0.705025
  0.967430 0.538007 -0.395624 1.204296
  0.421175 0.390092 0.844914 -1.248120
  0.293140 0.148288 3.284978 1.814825
  0.408267 0.929189 1.397254 -1.290058
  0.555965 0.580018 0.307894 0.493905
  0.397808 0.720425 -1.981268 -1.410614
  0.848572 0.675617 -0.898150 -0.515252
  0.216373 0.066536 -1.948258 -0.002111
  0.618282 0.909060 -1.171170 1.595044
  0.067604 0.448107 -1.225598 -0.152926
  0.510369 0.998077 0.324435 -0.285928
  0.100113 0.461476 -1.297264 0.380535
  0.523070 0.693566 -1.304375 -0.549305
  0.390524 0.209089 0.983518 -0.734491
  0.989893 0.864613 0.672317 -1.661012
  0.001670 0.003363 -0.489905 0.675988
  0.147168 0.409546 0.316817 -1.204636
  0.967028 0.035594 -2.234898 -0.161554
  0.449423 0.643381 -0.568906 -1.314748
  0.695128 0.469768 -0.213105 0.079166
  0.937815 0.048075 -1.227116 -0.574461
  0.391186 0.376810 -1.559585 0.039767
  0.249485 0.976361 0.320980 0.687226
  0.349854 0.209648 1.368240 -2.016775
  0.562440 0.091591 2.055179 0.321585
  0.643256 0.487789 0.531895 -0.623540
  0.149209 0.840271 -2.171015 1.437421
  0.196736 0.954991 0.335159 -1.391946
  0.911741 0.904406 -1.192014 1.028109
  0.838739 0.067165 2.012388 0.552182
  0.781243 0.627712 -0.884256 -0.280410
  0.304604 0.139684 -0.016339 -0.353016
  0.116040 0.462275 0.456802 1.000004
  0.801482 0.305034 0.227702 -1.191673
  0.416023 0.412359 1.113616 1.008079
  0.534538 0.468268 -1.375390 -0.466435
  0.655709 0.580823 -0.084800 -1.579658
  0.441686 0.018164 0.217079 -0.425643
  0.133391 0.722700 0.050880 0.722649
  0.174348 0.240088 -0.704950 -1.420355
  0.227212 0.108156 0.793712 -0.794873
  0.045662 0.042442 0.034470 0.030854
  0.425071 0.932325 1.045707 0.652823
  0.585628 0.984772 0.222171 -0.746441
  0.377980 0.507406 -0.252583 0.424642
  0.342542 0.415962 0.741131 0.296910
  0.183068 0.679539 -0.613885 0.195714
  0.745442 0.501672 -0.614215 -0.782562
  0.556018 0.294426 -0.697819 -2.575515
  0.774608 0.645428 1.001807 -0.413546
  0.271590 0.136946 -0.035146 0.319806
  0.254466 0.301227 -0.448089 -0.295436
  0.549742 0.583080 -1.094765 -0.185595
  0.498366 0.001794 -0.506765 -1.344648
  0.152462 0.034321 0.731016 -0.572798
  0.413426 0.955398 1.498777 -0.366480
  0.137917 0.295003 -0.730836 0.807277
  0.736534 0.736215 -0.017561 -1.603565
  0.851634 0.123949 -0.221611 -0.889250
  0.061667 0.194395 0.370622 0.632337
  0.552101 0.809250 -0.526928 -0.857580
  0.741754 0.153344 -1.694314 1.325232
  0.710165 0.802443 0.303681 0.817354
  0.375590 0.124038 -1.836445 0.406209
  0.746602 0.440165 -1.142241 -0.041099
  0.760078 0.218270 1.325870 0.740075
  0.281379 0.565310 -1.076701 0.021951
  0.127200 0.482273 -0.224166 -0.364139
  0.477381 0.953985 0.992100 -0.791262
  0.450673 0.238086 0.828954 0.120426
  0.097067 0.907404 -0.010777 -0.974495
  0.118557 0.311916 1.066129 0.268842
  0.119864 0.270569 1.210058 0.593707
  0.662679 0.902336 0.887254 1.481299
  0.231084 0.660827 0.126180 0.675165
  0.175207 0.673317 1.147413 -0.140703
  0.392339 0.559097 0.092991 4.457987
  0.737482 0.570731 -1.063106 1.185097
  0.424864 0.886883 1.791017 0.845013
  0.914026 0.175747 0.771250 -0.731502
  0.184841 0.709802 -1.119993 -1.413761
  0.681284 0.034519 0.473523 0.594135
  0.783467 0.203036 -0.862869 -0.486746
  0.995498 0.243682 0.071301 1.049691
  0.560389 0.844195 -0.179584 0.977194
  0.734412 0.448487 -0.708960 -0.333001
  0.138528 0.140870 -1.929741 0.991096
  0.095309 0.199047 0.684681 -0.053934
  0.522260 0.347887 -0.346390 -0.302145
  0.032340 0.794867 1.789496 0.342818
  0.084849 0.231210 -1.420185 0.564524
  0.769110 0.898244 -0.480752 -0.620928
  0.098970 0.057575 0.832853 0.992280
  0.867124 0.941298 2.017037 0.385943
  0.279678 0.851158 -1.128212 1.223627
  0.835499 0.119721 1.258460 -1.196305
  0.516887 0.856452 -0.959508 -1.072206
  0.999906 0.522274 0.132030 0.432312
  0.555594 0.542210 2.311813 -1.013051
  0.063204 0.737714 -0.167528 -1.223256
  0.845184 0.738273 0.857336 -0.568563
  0.744435 0.266429 -1.723820 -0.855654
  0.168789 0.289508 -0.680887 0.570361
  0.014240 0.648082 0.654398 0.877851
  0.630416 0.863898 0.362900 -0.215798
  0.627158 0.945768 1.033384 0.679841
  0.099511 0.354789 -1.000346 0.996984
  0.214200 0.580333 -0.100573 1.272515
  0.655163 0.476308 0.156728 0.017974
  0.383680 0.222319 0.673785 -0.930330
  0.925400 0.878929 -0.506670 0.341558
  0.643118 0.966796 -0.543447 -0.127679
  0.559644 0.887684 -0.278420 1.480131
  0.310583 0.381669 -1.621487 -0.912209
  0.664269 0.893994 -2.055734 -1.045294
  0.010352 0.346142 0.279043 -0.397717
  0.333587 0.714800 -0.414233 -0.111406
  0.042005 0.719300 0.885194 -0.864367
  0.237735 0.053470 1.225036 0.755703
  0.865352 0.185090 -0.816651 -0.117494
  0.175912 0.128787 -0.291688 -1.934774
  0.852259 0.329128 1.144633 -0.488853
  0.316973 0.714010 2.025214 -0.822294
  0.415466 0.224390 0.776271 1.381288
  0.940879 0.088110 -0.633678 -0.644478
  0.474578 0.282550 0.781967 -0.096454
  0.907487 0.940329 -0.137532 0.772197
  0.310365 0.491571 0.148616 -1.728436
  0.521296 0.887821 0.416676 -0.684508
  0.930930 0.599580 0.007727 0.547539
  0.754687 0.561144 1.103709 -1.122688
  0.313155 0.458203 -1.190473 0.865273
  0.059279 0.454024 0.617564 -0.053922
  0.193152 0.349884 1.085217 0.031204
  0.910304 0.626814 1.351124 -1.248338
  0.253158 0.849215 -0.197814 0.039375
  0.615206 0.457932 -1.162733 -1.537746
  0.372567 0.681921 -0.842493 -1.625654
  0.583212 0.838780 -1.295624 0.848115
  0.009140 0.905625 -0.256326 0.125808
  0.386660 0.137533 -1.464043 0.744600
  0.439688 0.129723 -0.213675 -2.146857
  0.237632 0.463005 -1.605095 -2.195999
  0.873375 0.574235 1.640635 -0.798811
  0.156298 0.253388 -1.049344 -1.205106
  0.069213 0.736599 -0.777536 1.167997
  0.149180 0.411433 -0.276144 -0.562833
  0.715310 0.926649 0.529285 0.722293
  0.413365 0.469311 -0.280096 -0.730472
  0.885263 0.148586 -1.776074 -0.529897
  0.064952 0.327701 -1.620247 0.161036
  0.251529 0.653910 0.263624 -1.863476
  0.517638 0.663764 -0.003097 -0.029407
  0.824880 0.668286 -1.467761 1.057890
  0.981763 0.753771 -1.497952 0.859478
  0.964457 0.639977 0.976458 -0.784119
  0.885508 0.412922 -0.093642 -0.704610
  0.177444 0.397168 1.015730 0.864193
  0.865635 0.071102 0.762272 0.002384
  0.344219 0.200128 0.084933 0.253870
  0.676136 0.320865 1.770300 1.900950
  0.211706 0.816064 -1.606097 0.956619
  0.913610 0.501150 -0.496184 0.265892
  0.658406 0.220366 -0.256279 -1.541749
  0.643293 0.033388 -0.837068 -0.983059
  0.810281 0.958272 0.313668 -1.352785
  0.247522 0.242386 -0.191465 0.100404
  0.441917 0.504592 1.225604 -1.737052
  0.051578 0.389393 -0.160729 1.256061
  0.512521 0.824725 0.613522 -1.721635
  0.141863 0.335825 -0.279303 0.585392
  0.117053 0.270537 1.203720 -1.080610
  0.030187 0.818089 0.618893 -0.327285
  0.881077 0.475268 -1.201027 0.372869
  0.467567 0.233010 -0.141232 -1.484595
  0.247460 0.417567 -0.291065 2.427837
  0.104968 0.291178 0.479657 2.464069
  0.066970 0.922108 1.064783 1.853782
  0.344870 0.088301 0.521140 0.386287
  0.874453 0.820283 0.290448 0.323190
  0.414601 0.685906 -1.260740 -0.404232
  0.169026 0.097203 -0.193800 -0.345995
  0.696361 0.996918 -0.380677 1.981390
  0.603219 0.000032 -0.839858 -1.370467
  0.543078 0.105112 -0.839893 1.666481
  0.159467 0.869576 -0.296504 0.938308
  0.932372 0.505299 0.030539 -0.716000
  0.471397 0.152504 0.984745 1.227317
  0.842029 0.219697 -0.442856 -0.070834
  0.692409 0.944779 -0.116982 2.746591
  0.906693 0.995269 -0.633269 1.643743
  0.609932 0.275673 -0.669992 0.180855
  0.382964 0.342766 1.598765 0.140030
  0.426302 0.721781 -0.342668 -0.804211
  0.123832 0.875072 0.551126 2.460936
  0.336241 0.989019 -0.182364 -0.560215
  0.501584 0.186875 1.716330 0.935308
  0.824470 0.520170 -0.312411 -1.172547
  0.565744 0.907170 -0.465744 -1.110159
  0.411199 0.149310 0.912303 0.870872
  0.713184 0.450596 -1.043001 0.586245
  0.818107 0.076418 0.181974 0.537269
  0.193998 0.729684 -0.275891 -0.038321
  0.985369 0.541367 0.426370 0.349833
  0.013828 0.822270 -1.207952 -0.195517
  0.348866 0.904348 -0.703683 -0.692871
  0.450270 0.242627 -1.895133 -1.081226
  0.738905 0.190062 0.301232 -0.873848
  0.544631 0.513031 1.445877 0.572046
  0.206737 0.383353 0.957350 -0.690334
  0.802251 0.692794 1.040031 -1.048427
  0.918870 0.694175 -1.704010 -0.119725
  0.998860 0.701396 0.940407 -1.046916
  0.604201 0.151142 0.723693 0.440988
  0.659489 0.419533 -1.072771 0.472720
  0.099366 0.557164 -1.063956 0.162646
  0.165576 0.196353 -0.305948 -0.249244
  0.781196 0.513037 0.535141 -0.945947
  0.636759 0.319412 1.326065 -0.730703
  0.982939 0.423516 -0.141772 -0.682867
  0.523655 0.519136 -1.228217 -0.929329
  0.101596 0.228453 1.328135 0.713619
  0.065121 0.124000 0.367539 -0.713335
  0.767803 0.235734 -2.594694 0.116472
  0.977541 0.582935 -0.505674 0.016070
  0.182285 0.428476 0.533574 -0.703667
  0.609897 0.332291 -1.198231 2.685269
  0.638683 0.735329 -0.994510 -0.330001
  0.015867 0.648149 1.035168 0.977851
  0.518849 0.057267 -1.306074 0.308755
  0.584858 0.413315 0.751104 1.457125
  0.676412 0.852794 1.144503 -1.662081
  0.724718 0.417245 -1.249347 -1.270943
  0.974125 0.514071 1.811773 0.763818
  0.222169 0.159887 0.668042 1.483780
  0.678182 0.736641 -0.763874 -1.078338
  0.903039 0.704728 -0.175714 0.009452
  0.173453 0.523860 -0.284420 0.803284
  0.997068 0.419921 1.157309 0.005277
  0.700655 0.817684 -1.572970 -1.289502
  0.934147 0.535959 0.992211 0.611915
  0.178445 0.802140 -1.123470 0.034902
  0.106266 0.505908 -2.845321 1.049082
  0.396900 0.126787 -0.790476 0.537122
  0.201852 0.557326 -0.511110 -0.449197
  0.500754 0.232291 1.835793 0.982458
  0.496416 0.721332 -0.239494 -0.010759
  0.206820 0.204275 0.921449 0.668465
  0.185246 0.708807 -0.601349 -0.016606
  0.771761 0.732689 0.761677 0.565316
  0.557072 0.341291 1.170911 -0.214174
  0.030669 0.187036 -0.159333 0.973474
  0.332692 0.477143 0.788172 -0.949505
  0.706110 0.077379 1.679471 -0.046730
  0.533871 0.909882 -1.356294 -0.075073
  0.774632 0.730825 0.575251 1.301338
  0.133518 0.253072 0.115688 -0.069283
  0.421359 0.399545 -0.221828 0.952572
  0.312593 0.650053 -0.982127 0.520826
  0.618656 0.664488 -0.131705 1.144343
  0.718306 0.849034 -0.738031 0.467119
  0.851280 0.233949 0.689008 0.231074
  0.037032 0.797246 -0.276124 0.089932
  0.594908 0.445210 -0.264753 0.053124
  0.618282 0.189620 -0.396649 -1.123927
  0.775251 0.359821 0.526258 -0.501454
  0.721771 0.959935 0.430096 0.122924
  0.195385 0.359764 -0.482715 1.283803
  0.186063 0.537513 0.129448 -0.222727
  0.321964 0.041394 -0.057959 -0.680270
  0.475558 0.306484 -0.754935 0.151252
  0.262372 0.572989 -1.464898 0.813777
  0.418370 0.027940 0.015859 -1.267160
  0.343154 0.404333 -0.377412 1.610462
  0.185046 0.107667 1.843945 0.550480
  0.430977 0.708695 0.314300 -0.757685
  0.718061 0.706543 -0.346792 -0.366132
  0.825277 0.542833 1.120120 -0.437186
  0.218539 0.755421 1.042257 -1.161304
  0.384498 0.127148 -1.286080 -0.051686
  0.232532 0.778855 -0.884534 -0.505160
  0.022632 0.358023 -1.305109 0.165134
  0.543799 0.165024 1.450303 0.373905
  0.077870 0.168503 0.883573 -0.409297
  0.359159 0.605667 0.322904 0.364706
  0.317836 0.899941 -0.872161 -0.326916
  0.116494 0.863577 -0.075177 -1.421380
  0.058195 0.345637 -1.053330 -0.546338
  0.929642 0.484547 1.411210 0.589355
  0.235589 0.844866 -0.519325 1.102329
  0.918477 0.273894 1.020411 0.042679
  0.116489 0.549744 -1.723578 -1.436255
  0.451758 0.655389 0.710303 -0.404254
  0.870799 0.161558 -0.456811 1.646095
  0.438507 0.519474 1.483869 0.073939
  0.893723 0.731365 0.818926 -1.634211
  0.976375 0.954098 -0.051220 -0.317575
  0.519128 0.449141 1.373069 -1.281934
  0.051881 0.196882 0.305896 2.228727
  0.997706 0.595806 -0.463532 -1.082649
  0.278956 0.874990 0.685500 0.650245
  0.005542 0.636169 -0.098691 -0.498379
  0.823467 0.650017 -0.817954 -0.081805
  0.880465 0.752412 -0.785582 -0.044396
  0.788726 0.185263 -0.448490 0.658101
  0.363897 0.696712 -0.010069 0.334228
  0.968101 0.008577 1.688184 -0.607859
  0.412921 0.900713 0.333581 1.814595
  0.208781 0.607980 2.633995 -1.199063
  0.281116 0.191120 -2.626208 -1.378875
  0.055653 0.928381 -0.548086 -1.063759
  0.472299 0.748290 0.177600 0.042992
  0.996797 0.081098 -1.950118 1.211983
  0.224499 0.299154 -0.159812 0.858844
  0.278087 0.502415 0.937838 0.175598
  0.294812 0.993050 -1.954722 -1.038208
  0.270118 0.973469 0.118239 1.055870
  0.214975 0.383046 -1.564149 1.562420
  0.520175 0.517512 1.719508 -0.559745
  0.812945 0.774801 -0.553540 1.568791
  0.312023 0.271588 -0.231848 -0.137679
  0.665138 0.062230 0.922551 0.274265
  0.039067 0.836765 -1.001594 0.662730
  0.686135 0.764318 -0.015343 -0.748664
  0.390936 0.756834 0.249084 2.675086
  0.434671 0.265721 0.031799 0.459205
  0.612099 0.908778 0.153607 0.232511
  0.706355 0.906621 0.116119 0.790706
  0.457783 0.011786 0.752331 0.008858
  0.023327 0.886056 1.155987 0.165909
  0.144199 0.987636 1.940546 -0.628482
  0.176630 0.222302 -0.173174 -0.233756
  0.441691 0.837898 -0.496704 -1.939959
  0.711907 0.315569 1.508263 -0.051319
  0.681152 0.680497 -1.228170 -0.362087
  0.840051 0.953488 0.564967 1.197622
  0.912402 0.970938 -0.270608 -0.534690
  0.642480 0.298893 -1.020243 -1.930032
  0.981538 0.001836 1.582379 0.215141
  0.155325 0.580335 -0.684507 -0.898196
  0.418595 0.977437 -0.506063 0.985013
  0.887588 0.731258 -0.243379 -1.448772
  0.707617 0.778672 0.408696 -0.196118
  0.366896 0.225870 -0.611046 1.452679
  0.493810 0.693517 0.907649 0.196946
  0.289153 0.777502 -1.423382 0.160701
  0.778553 0.271469 0.954939 -0.693306
  0.444439 0.264866 1.403632 1.056109
  0.307207 0.973770 0.022667 -1.891642
  0.481775 0.224989 1.370620 0.904565
  0.948402 0.326047 0.492690 1.534255
  0.647999 0.614897 -1.588195 -0.109951
  0.977958 0.281121 -0.696626 0.126450
  0.214409 0.467180 -0.216735 -0.507434
  0.453571 0.820378 1.157511 0.589530
  0.527592 0.553328 1.627018 0.429569
  0.975524 0.582997 -0.287768 -0.270297
  0.226861 0.692665 -0.288886 0.305566
  0.390644 0.940881 -0.749786 0.686764
  0.327024 0.017513 0.500487 2.230366
  0.641112 0.755071 -1.540601 0.965447
  0.150183 0.872685 0.125483 1.349595
  0.965249 0.973210 -0.030944 0.612144
  0.935796 0.360198 -1.295910 -1.737925
  0.624351 0.844197 0.432274 0.578084
  0.389716 0.567502 0.701847 1.643733
  0.878419 0.760068 -0.369505 -0.327675
  0.293293 0.986312 -0.118897 1.295635
  0.177651 0.680064 -2.123392 -0.829090
  0.524145 0.533785 0.426045 0.119550
  0.823774 0.694344 -1.451714 0.771172
  0.866378 0.016222 1.184572 0.093084
  0.538457 0.904888 0.597526 0.456012
  0.412219 0.725664 0.766652 -1.595296
  0.592422 0.422685 0.248852 -1.234386
  0.789076 0.929936 0.780514 -1.693361
  0.548976 0.719714 -0.275966 -0.452128
  0.825508 0.368862 0.696425 -2.372523
  0.689745 0.284897 0.793379 -0.486797
  0.187064 0.552793 -0.292542 -0.569229
  0.120031 0.328412 0.798102 0.592479
  0.976252 0.022733 0.547301 -0.373764
  0.404680 0.438106 0.778657 -0.241594
  0.520806 0.459627 -0.321935 -0.730843
  0.568965 0.532422 -0.798157 -1.213806
  0.363712 0.480399 -2.626686 -0.885876
  0.801362 0.973799 -1.377611 0.258582
  0.705765 0.594677 0.430034 -1.057131
  0.004780 0.821803 2.210287 -0.102452
  0.744255 0.729131 -0.270779 -0.947743
  0.148907 0.184481 -1.320802 0.923642
  0.672226 0.815728 -0.475368 0.164096
  0.637708 0.123716 0.753535 0.023281
  0.847065 0.753016 0.543778 -0.258833
  0.379413 0.200209 -0.312671 0.658605
  0.867974 0.975414 -1.309636 0.318456
  0.127447 0.640675 -2.434449 -0.083072
