# Sum up vs down

#     n           log10(n)            relative error
      1       0.000000000000000e+00       -inf
      2       3.010299956639812e-01       -inf
      3       4.771212547196624e-01       -inf
      4       6.020599913279624e-01       -6.941418647766113e+00
      5       6.989700043360189e-01       -6.981229305267334e+00
      6       7.781512503836436e-01       -7.011826038360596e+00
      7       8.450980400142568e-01       -7.036438465118408e+00
      8       9.030899869919435e-01       -7.056886672973633e+00
      9       9.542425094393249e-01       -7.074287891387939e+00
      10       1.000000000000000e+00       -inf
      11       1.041392685158225e+00       -inf
      12       1.079181246047625e+00       -7.114470958709717e+00
      13       1.113943352306837e+00       -inf
      14       1.146128035678238e+00       -inf
      15       1.176091259055681e+00       -7.143566131591797e+00
      16       1.204119982655925e+00       -7.151670455932617e+00
      17       1.230448921378274e+00       -inf
      18       1.255272505103306e+00       -inf
      19       1.278753600952829e+00       -inf
      20       1.301029995663981e+00       -inf
      21       1.322219294733919e+00       -inf
      22       1.342422680822206e+00       -inf
      23       1.361727836017593e+00       -inf
      24       1.380211241711606e+00       -inf
      25       1.397940008672038e+00       -inf
      26       1.414973347970818e+00       -inf
      27       1.431363764158987e+00       -inf
      28       1.447158031342219e+00       -7.216739654541016e+00
      29       1.462397997898956e+00       -inf
      30       1.477121254719662e+00       -inf
      31       1.491361693834273e+00       -inf
      32       1.505149978319906e+00       -inf
      33       1.518513939877888e+00       -inf
      34       1.531478917042255e+00       -6.936338424682617e+00
      35       1.544068044350276e+00       -6.939341068267822e+00
      36       1.556302500767287e+00       -inf
      37       1.568201724066995e+00       -6.945043087005615e+00
      38       1.579783596616810e+00       -inf
      39       1.591064607026499e+00       -6.950380802154541e+00
      40       1.602059991327962e+00       -inf
      41       1.612783856719735e+00       -inf
      42       1.623249290397901e+00       -inf
      43       1.633468455579586e+00       -inf
      44       1.643452676486187e+00       -inf
      45       1.653212513775344e+00       -inf
      46       1.662757831681574e+00       -inf
      47       1.672097857935718e+00       -6.968813896179199e+00
      48       1.681241237375587e+00       -inf
      49       1.690196080028514e+00       -6.972830772399902e+00
      50       1.698970004336019e+00       -inf
      51       1.707570176097936e+00       -inf
      52       1.716003343634799e+00       -inf
      53       1.724275869600789e+00       -inf
      54       1.732393759822969e+00       -inf
      55       1.740362689494244e+00       -inf
      56       1.748188027006200e+00       -inf
      57       1.755874855672491e+00       -6.987118244171143e+00
      58       1.763427993562937e+00       -inf
      59       1.770852011642144e+00       -inf
      60       1.778151250383644e+00       -6.991863727569580e+00
      61       1.785329835010767e+00       -6.993382453918457e+00
      62       1.792391689498254e+00       -6.994871616363525e+00
      63       1.799340549453582e+00       -6.996331691741943e+00
      64       1.806179973983887e+00       -6.997764587402344e+00
      65       1.812913356642855e+00       -6.999170780181885e+00
      66       1.819543935541869e+00       -7.000551223754883e+00
      67       1.826074802700826e+00       -6.700876712799072e+00
      68       1.832508912706236e+00       -7.003238201141357e+00
      69       1.838849090737255e+00       -6.703516483306885e+00
      70       1.845098040014257e+00       -7.005832195281982e+00
      71       1.851258348719075e+00       -7.007095813751221e+00
      72       1.857332496431269e+00       -7.008338451385498e+00
      73       1.863322860120456e+00       -7.009560585021973e+00
      74       1.869231719730976e+00       -7.010763168334961e+00
      75       1.875061263391700e+00       -7.011946201324463e+00
      76       1.880813592280791e+00       -7.013110637664795e+00
      77       1.886490725172482e+00       -7.014256477355957e+00
      78       1.892094602690480e+00       -6.714354991912842e+00
      79       1.897627091290441e+00       -6.715466499328613e+00
      80       1.903089986991944e+00       -7.017590999603271e+00
      81       1.908485018878650e+00       -7.018669605255127e+00
      82       1.913813852383717e+00       -6.718702316284180e+00
      83       1.919078092376074e+00       -7.020779609680176e+00
      84       1.924279286061882e+00       -7.021811962127686e+00
      85       1.929418925714293e+00       -7.022829532623291e+00
      86       1.934498451243568e+00       -7.023833274841309e+00
      87       1.939519252618618e+00       -7.024823188781738e+00
      88       1.944482672150169e+00       -inf
      89       1.949390006644913e+00       -7.026762962341309e+00
      90       1.954242509439325e+00       -6.726683139801025e+00
      91       1.959041392321094e+00       -6.727621555328369e+00
      92       1.963787827345555e+00       -6.728547096252441e+00
      93       1.968482948553935e+00       -6.729461193084717e+00
      94       1.973127853599699e+00       -6.730363368988037e+00
      95       1.977723605288848e+00       -6.731254100799561e+00
      96       1.982271233039568e+00       -7.033164024353027e+00
      97       1.986771734266245e+00       -7.034033298492432e+00
      98       1.991226075692495e+00       -7.034891605377197e+00
      99       1.995635194597550e+00       -7.035739898681641e+00
      100       2.000000000000000e+00       -6.735547542572021e+00
      101       2.004321373782643e+00       -6.736375808715820e+00
      102       2.008600171761918e+00       -6.737194538116455e+00
      103       2.012837224705172e+00       -7.039033412933350e+00
      104       2.017033339298780e+00       -6.738802909851074e+00
      105       2.021189299069938e+00       -6.739593982696533e+00
      106       2.025305865264770e+00       -7.041405677795410e+00
      107       2.029383777685210e+00       -6.741148471832275e+00
      108       2.033423755486950e+00       -6.741913318634033e+00
      109       2.037426497940624e+00       -6.742669582366943e+00
      110       2.041392685158225e+00       -6.743417739868164e+00
      111       2.045322978786658e+00       -7.045187473297119e+00
      112       2.049218022670181e+00       -6.744889736175537e+00
      113       2.053078443483420e+00       -6.569523334503174e+00
      114       2.056904851336473e+00       -6.570240020751953e+00
      115       2.060697840353612e+00       -6.747041225433350e+00
      116       2.064457989226919e+00       -6.747743129730225e+00
      117       2.068185861746162e+00       -6.748438358306885e+00
      118       2.071882007306125e+00       -6.749126434326172e+00
      119       2.075546961392531e+00       -7.050837993621826e+00
      120       2.079181246047625e+00       -7.051512718200684e+00
      121       2.082785370316450e+00       -7.052180767059326e+00
      122       2.086359830674748e+00       -7.052842140197754e+00
      123       2.089905111439398e+00       -7.053497314453125e+00
      124       2.093421685162235e+00       -6.753116130828857e+00
      125       2.096910013008056e+00       -7.054789066314697e+00
      126       2.100370545117563e+00       -7.055425643920898e+00
      127       2.103803720955957e+00       -6.755026340484619e+00
      128       2.107209969647868e+00       -6.755651473999023e+00
      129       2.110589710299249e+00       -7.057300567626953e+00
      130       2.113943352306837e+00       -7.057914257049561e+00
      131       2.117271295655764e+00       -6.757492065429688e+00
      132       2.120573931205850e+00       -6.758094787597656e+00
      133       2.123851640967086e+00       -6.758691787719727e+00
      134       2.127104798364808e+00       -6.759284019470215e+00
      135       2.130333768495006e+00       -7.060900688171387e+00
      136       2.133538908370217e+00       -7.061482429504395e+00
      137       2.136720567156407e+00       -7.062058925628662e+00
      138       2.139879086401236e+00       -7.062630653381348e+00
      139       2.143014800254095e+00       -7.063197612762451e+00
      140       2.146128035678238e+00       -7.063759803771973e+00
      141       2.149219112655380e+00       -7.064317226409912e+00
      142       2.152288344383056e+00       -7.064869880676270e+00
      143       2.155336037465062e+00       -7.065418243408203e+00
      144       2.158362492095250e+00       -7.065961837768555e+00
      145       2.161368002234975e+00       -7.066501140594482e+00
      146       2.164352855784437e+00       -7.067036151885986e+00
      147       2.167317334748176e+00       -inf
      148       2.170261715394957e+00       -inf
      149       2.173186268412274e+00       -inf
      150       2.176091259055681e+00       -inf
      151       2.178976947293169e+00       -inf
      152       2.181843587944773e+00       -inf
      153       2.184691430817599e+00       -inf
      154       2.187520720836463e+00       -inf
      155       2.190331698170291e+00       -inf
      156       2.193124598354462e+00       -inf
      157       2.195899652409234e+00       -inf
      158       2.198657086954423e+00       -inf
      159       2.201397124320451e+00       -inf
      160       2.204119982655925e+00       -inf
      161       2.206825876031850e+00       -inf
      162       2.209515014542631e+00       -inf
      163       2.212187604403958e+00       -inf
      164       2.214843848047698e+00       -inf
      165       2.217483944213906e+00       -inf
      166       2.220108088040055e+00       -inf
      167       2.222716471147583e+00       -inf
      168       2.225309281725863e+00       -inf
      169       2.227886704613673e+00       -inf
      170       2.230448921378274e+00       -inf
      171       2.232996110392154e+00       -inf
      172       2.235528446907549e+00       -inf
      173       2.238046103128795e+00       -7.080041885375977e+00
      174       2.240549248282600e+00       -inf
      175       2.243038048686294e+00       -inf
      176       2.245512667814150e+00       -inf
      177       2.247973266361807e+00       -inf
      178       2.250420002308894e+00       -inf
      179       2.252853030979893e+00       -inf
      180       2.255272505103306e+00       -inf
      181       2.257678574869185e+00       -inf
      182       2.260071387985075e+00       -inf
      183       2.262451089730429e+00       -inf
      184       2.264817823009536e+00       -7.084673404693604e+00
      185       2.267171728403014e+00       -7.085078239440918e+00
      186       2.269512944217916e+00       -7.085480690002441e+00
      187       2.271841606536499e+00       -7.085880279541016e+00
      188       2.274157849263680e+00       -7.086277961730957e+00
      189       2.276461804173244e+00       -7.086672782897949e+00
      190       2.278753600952829e+00       -7.087065219879150e+00
      191       2.281033367247728e+00       -6.786425113677979e+00
      192       2.283301228703550e+00       -6.786812782287598e+00
      193       2.285557309007774e+00       -6.787198066711426e+00
      194       2.287801729930226e+00       -6.787581443786621e+00
      195       2.290034611362518e+00       -6.787961959838867e+00
      196       2.292256071356476e+00       -6.612248897552490e+00
      197       2.294466226161593e+00       -6.788716316223145e+00
      198       2.296665190261531e+00       -6.789090633392334e+00
      199       2.298853076409707e+00       -6.789462089538574e+00
      200       2.301029995663981e+00       -6.789831638336182e+00
      201       2.303196057420489e+00       -6.790199279785156e+00
      202       2.305351369446624e+00       -6.790564537048340e+00
      203       2.307496037913213e+00       -6.614836692810059e+00
      204       2.309630167425899e+00       -6.791288852691650e+00
      205       2.311753861055754e+00       -6.615556716918945e+00
      206       2.313867220369153e+00       -6.792005062103271e+00
      207       2.315970345456918e+00       -6.792359828948975e+00
      208       2.318063334962762e+00       -6.792713165283203e+00
      209       2.320146286111054e+00       -7.094093799591064e+00
      210       2.322219294733919e+00       -inf
      211       2.324282455297693e+00       -7.094789981842041e+00
      212       2.326335860928751e+00       -inf
      213       2.328379603438738e+00       -7.095479011535645e+00
      214       2.330413773349191e+00       -7.095820426940918e+00
      215       2.332438459915605e+00       -7.096159934997559e+00
      216       2.334453751150931e+00       -inf
      217       2.336459733848530e+00       -inf
      218       2.338456493604605e+00       -inf
      219       2.340444114840118e+00       -inf
      220       2.342422680822206e+00       -7.097830772399902e+00
      221       2.344392273685111e+00       -inf
      222       2.346352974450639e+00       -7.098486900329590e+00
      223       2.348304863048161e+00       -inf
      224       2.350248018334163e+00       -inf
      225       2.352182518111363e+00       -inf
      226       2.354108439147401e+00       -7.099778175354004e+00
      227       2.356025857193123e+00       -inf
      228       2.357934847000454e+00       -inf
      229       2.359835482339888e+00       -inf
      230       2.361727836017593e+00       -inf
      231       2.363611979892144e+00       -7.101356029510498e+00
      232       2.365487984890900e+00       -inf
      233       2.367355921026019e+00       -7.101975917816162e+00
      234       2.369215857410143e+00       -7.102283477783203e+00
      235       2.371067862271736e+00       -7.102589607238770e+00
      236       2.372912002970107e+00       -7.102894306182861e+00
      237       2.374748346010104e+00       -inf
      238       2.376576957056512e+00       -7.103498935699463e+00
      239       2.378397900948138e+00       -7.103799343109131e+00
      240       2.380211241711606e+00       -7.104097843170166e+00
      241       2.382017042574868e+00       -7.104395389556885e+00
      242       2.383815365980431e+00       -7.104691028594971e+00
      243       2.385606273598312e+00       -7.104985713958740e+00
      244       2.387389826338729e+00       -6.804248332977295e+00
      245       2.389166084364533e+00       -6.804540157318115e+00
      246       2.390935107103379e+00       -6.804830551147461e+00
      247       2.392696953259666e+00       -7.106149196624756e+00
      248       2.394451680826216e+00       -7.106436729431152e+00
      249       2.396199347095736e+00       -7.106722831726074e+00
      250       2.397940008672037e+00       -7.107007980346680e+00
      251       2.399673721481038e+00       -7.107291221618652e+00
      252       2.401400540781544e+00       -7.107573509216309e+00
      253       2.403120521175818e+00       -7.107854366302490e+00
      254       2.404833716619938e+00       -7.108134269714355e+00
      255       2.406540180433955e+00       -7.108412742614746e+00
      256       2.408239965311850e+00       -7.108689785003662e+00
      257       2.409933123331295e+00       -7.108965396881104e+00
      258       2.411619705963230e+00       -inf
      259       2.413299764081252e+00       -inf
      260       2.414973347970818e+00       -inf
      261       2.416640507338281e+00       -inf
      262       2.418301291319745e+00       -inf
      263       2.419955748489758e+00       -inf
      264       2.421603926869831e+00       -7.110862255096436e+00
      265       2.423245873936808e+00       -7.111128330230713e+00
      266       2.424881636631067e+00       -7.111393451690674e+00
      267       2.426511261364575e+00       -7.111657142639160e+00
      268       2.428134794028789e+00       -7.111919879913330e+00
      269       2.429752280002408e+00       -7.112181186676025e+00
      270       2.431363764158987e+00       -7.112442016601562e+00
      271       2.432969290874406e+00       -7.112701416015625e+00
      272       2.434568904034199e+00       -7.112959384918213e+00
      273       2.436162647040756e+00       -7.113216400146484e+00
      274       2.437750562820388e+00       -7.113472461700439e+00
      275       2.439332693830263e+00       -7.113727569580078e+00
      276       2.440909082065218e+00       -7.113981723785400e+00
      277       2.442479769064449e+00       -7.114234447479248e+00
      278       2.444044795918076e+00       -7.114486217498779e+00
      279       2.445604203273597e+00       -6.813706874847412e+00
      280       2.447158031342219e+00       -6.813956737518311e+00
      281       2.448706319905080e+00       -6.814205169677734e+00
      282       2.450249108319361e+00       -6.814452648162842e+00
      283       2.451786435524290e+00       -6.814699172973633e+00
      284       2.453318340047038e+00       -7.115974903106689e+00
      285       2.454844860008510e+00       -7.116219520568848e+00
      286       2.456366033129043e+00       -7.116463184356689e+00
      287       2.457881896733992e+00       -7.116705894470215e+00
      288       2.459392487759231e+00       -7.116947650909424e+00
      289       2.460897842756548e+00       -6.816158294677734e+00
      290       2.462397997898956e+00       -6.816398143768311e+00
      291       2.463892988985907e+00       -6.816636562347412e+00
      292       2.465382851448418e+00       -6.816874504089355e+00
      293       2.466867620354110e+00       -6.641020298004150e+00
      294       2.468347330412157e+00       -6.641256332397461e+00
      295       2.469822015978163e+00       -6.641490936279297e+00
      296       2.471291711058939e+00       -6.641725063323975e+00
      297       2.472756449317212e+00       -6.641958236694336e+00
      298       2.474216264076255e+00       -6.818282127380371e+00
      299       2.475671188324430e+00       -6.818513393402100e+00
      300       2.477121254719663e+00       -6.818743705749512e+00
      301       2.478566495593844e+00       -6.642882347106934e+00
      302       2.480006942957151e+00       -6.819201946258545e+00
      303       2.481442628502305e+00       -6.819429874420166e+00
      304       2.482873583608754e+00       -6.643565654754639e+00
      305       2.484299839346786e+00       -6.643791675567627e+00
      306       2.485721426481580e+00       -6.820108413696289e+00
      307       2.487138375477187e+00       -6.820332527160645e+00
      308       2.488550716500444e+00       -6.820556163787842e+00
      309       2.489958479424835e+00       -6.644687652587891e+00
      310       2.491361693834273e+00       -6.644909381866455e+00
      311       2.492760389026837e+00       -6.821221828460693e+00
      312       2.494154594018443e+00       -6.645350933074951e+00
      313       2.495544337546448e+00       -6.645570278167725e+00
      314       2.496929648073215e+00       -6.645788669586182e+00
      315       2.498310553789600e+00       -6.521068096160889e+00
      316       2.499687082618404e+00       -6.521285057067871e+00
      317       2.501059262217752e+00       -6.521501064300537e+00
      318       2.502427119984433e+00       -6.521716594696045e+00
      319       2.503790683057181e+00       -6.521931171417236e+00
      320       2.505149978319906e+00       -6.425235271453857e+00
      321       2.506505032404872e+00       -6.522358417510986e+00
      322       2.507855871695831e+00       -6.522570610046387e+00
      323       2.509202522331103e+00       -6.522782325744629e+00
      324       2.510545010206612e+00       -6.426083087921143e+00
      325       2.511883360978874e+00       -6.426292896270752e+00
      326       2.513217600067939e+00       -6.426502704620361e+00
      327       2.514547752660286e+00       -6.523621082305908e+00
      328       2.515873843711679e+00       -6.426918983459473e+00
      329       2.517195897949974e+00       -6.427125930786133e+00
      330       2.518513939877888e+00       -6.427332401275635e+00
      331       2.519827993775719e+00       -6.427537918090820e+00
      332       2.521138083704036e+00       -6.427742958068848e+00
      333       2.522444233506320e+00       -6.427947521209717e+00
      334       2.523746466811565e+00       -6.428150653839111e+00
      335       2.525044807036845e+00       -6.428353786468506e+00
      336       2.526339277389844e+00       -6.349374771118164e+00
      337       2.527629900871339e+00       -6.349575996398926e+00
      338       2.528916700277655e+00       -6.349776744842529e+00
      339       2.530199698203082e+00       -6.349977016448975e+00
      340       2.531478917042255e+00       -6.350176334381104e+00
      341       2.532754378992498e+00       -6.350375175476074e+00
      342       2.534026106056135e+00       -6.350573062896729e+00
      343       2.535294120042770e+00       -6.350770473480225e+00
      344       2.536558442571530e+00       -6.430148124694824e+00
      345       2.537819095073274e+00       -6.430344581604004e+00
      346       2.539076098792777e+00       -6.430539608001709e+00
      347       2.540329474790874e+00       -6.430734634399414e+00
      348       2.541579243946581e+00       -6.430928707122803e+00
      349       2.542825426959180e+00       -6.431122303009033e+00
      350       2.544068044350276e+00       -6.431314945220947e+00
      351       2.545307116465824e+00       -6.352325916290283e+00
      352       2.546542663478131e+00       -6.352517604827881e+00
      353       2.547774705387822e+00       -6.352708339691162e+00
      354       2.549003262025788e+00       -6.352898597717285e+00
      355       2.550228353055094e+00       -6.432269573211670e+00
      356       2.551449997972875e+00       -6.432458877563477e+00
      357       2.552668216112193e+00       -6.432647228240967e+00
      358       2.553883026643875e+00       -6.432835102081299e+00
      359       2.555094448578319e+00       -6.433022022247314e+00
      360       2.556302500767287e+00       -6.433208942413330e+00
      361       2.557507201905658e+00       -6.433394908905029e+00
      362       2.558708570533166e+00       -6.530490398406982e+00
      363       2.559906625036112e+00       -6.530675411224365e+00
      364       2.561101383649056e+00       -6.530859470367432e+00
      365       2.562292864456475e+00       -6.531043052673340e+00
      366       2.563481085394411e+00       -6.531226158142090e+00
      367       2.564666064252089e+00       -6.531408786773682e+00
      368       2.565847818673518e+00       -6.531590938568115e+00
      369       2.567026366159060e+00       -6.531772136688232e+00
      370       2.568201724066995e+00       -6.531953334808350e+00
      371       2.569373909615046e+00       -6.532133579254150e+00
      372       2.570542939881897e+00       -6.435403347015381e+00
      373       2.571708831808688e+00       -6.435582160949707e+00
      374       2.572871602200480e+00       -6.532670974731445e+00
      375       2.574031267727719e+00       -6.532848834991455e+00
      376       2.575187844927661e+00       -6.533026218414307e+00
      377       2.576341350205793e+00       -6.436293601989746e+00
      378       2.577491799837226e+00       -6.436470031738281e+00
      379       2.578639209968072e+00       -6.533555984497070e+00
      380       2.579783596616810e+00       -6.533730983734131e+00
      381       2.580924975675619e+00       -6.533905982971191e+00
      382       2.582063362911709e+00       -6.534080028533936e+00
      383       2.583198773968623e+00       -6.534254074096680e+00
      384       2.584331224367531e+00       -6.534427165985107e+00
      385       2.585460729508501e+00       -6.534599781036377e+00
      386       2.586587304671755e+00       -6.534772396087646e+00
      387       2.587710965018911e+00       -6.534944057464600e+00
      388       2.588831725594207e+00       -6.535115242004395e+00
      389       2.589949601325708e+00       -6.660224437713623e+00
      390       2.591064607026499e+00       -6.660394668579102e+00
      391       2.592176757395867e+00       -6.660564422607422e+00
      392       2.593286067020457e+00       -6.660733699798584e+00
      393       2.594392550375427e+00       -6.660902500152588e+00
      394       2.595496221825574e+00       -6.536131858825684e+00
      395       2.596597095626460e+00       -6.661238193511963e+00
      396       2.597695185925512e+00       -6.661405563354492e+00
      397       2.598790506763115e+00       -6.661571979522705e+00
      398       2.599883072073688e+00       -6.661738395690918e+00
      399       2.600972895686748e+00       -6.661904335021973e+00
      400       2.602059991327963e+00       -6.662069320678711e+00
      401       2.603144372620182e+00       -6.662234306335449e+00
      402       2.604226053084470e+00       -6.662398815155029e+00
      403       2.605305046141110e+00       -6.537623882293701e+00
      404       2.606381365110605e+00       -6.537786960601807e+00
      405       2.607455023214669e+00       -6.537950038909912e+00
      406       2.608526033577194e+00       -6.663051128387451e+00
      407       2.609594409225220e+00       -6.538274765014648e+00
      408       2.610660163089880e+00       -6.663374900817871e+00
      409       2.611723308007342e+00       -6.538597106933594e+00
      410       2.612783856719735e+00       -6.538757801055908e+00
      411       2.613841821876069e+00       -6.442008018493652e+00
      412       2.614897216033135e+00       -6.442167758941650e+00
      413       2.615950051656401e+00       -6.442327022552490e+00
      414       2.617000341120899e+00       -6.442485809326172e+00
      415       2.618048096712092e+00       -6.442644596099854e+00
      416       2.619093330626743e+00       -6.442802429199219e+00
      417       2.620136054973758e+00       -6.442959785461426e+00
      418       2.621176281775035e+00       -6.443117141723633e+00
      419       2.622214022966295e+00       -6.540184020996094e+00
      420       2.623249290397900e+00       -6.443429946899414e+00
      421       2.624282095835668e+00       -6.540495872497559e+00
      422       2.625312450961674e+00       -6.540651321411133e+00
      423       2.626340367375042e+00       -6.540806293487549e+00
      424       2.627365856592732e+00       -6.540960788726807e+00
      425       2.628388930050312e+00       -6.541114807128906e+00
      426       2.629409599102719e+00       -6.541268825531006e+00
      427       2.630427875025024e+00       -6.541421890258789e+00
      428       2.631443769013172e+00       -6.541574954986572e+00
      429       2.632457292184724e+00       -6.541727542877197e+00
      430       2.633468455579587e+00       -6.666818141937256e+00
      431       2.634477270160732e+00       -6.666969776153564e+00
      432       2.635483746814912e+00       -6.542182445526123e+00
      433       2.636487896353366e+00       -6.667272090911865e+00
      434       2.637489729512511e+00       -6.667422294616699e+00
      435       2.638489256954637e+00       -6.542634010314941e+00
      436       2.639486489268586e+00       -6.542783737182617e+00
      437       2.640481436970422e+00       -6.667871475219727e+00
      438       2.641474110504100e+00       -6.668020248413086e+00
      439       2.642464520242121e+00       -6.668169021606445e+00
      440       2.643452676486187e+00       -6.844408512115479e+00
      441       2.644438589467839e+00       -6.668464660644531e+00
      442       2.645422269349092e+00       -6.844703197479248e+00
      443       2.646403726223070e+00       -6.844850540161133e+00
      444       2.647382970114620e+00       -6.844996929168701e+00
      445       2.648360010980932e+00       -6.845143318176270e+00
      446       2.649334858712142e+00       -6.845288753509521e+00
      447       2.650307523131937e+00       -6.845434665679932e+00
      448       2.651278013998144e+00       -6.669488430023193e+00
      449       2.652246341003323e+00       -6.845724105834961e+00
      450       2.653212513775344e+00       -6.845868587493896e+00
      451       2.654176541877960e+00       -6.846012592315674e+00
      452       2.655138434811382e+00       -6.846156120300293e+00
      453       2.656098202012832e+00       -6.846299171447754e+00
      454       2.657055852857104e+00       -6.846442222595215e+00
      455       2.658011396657113e+00       -7.147614955902100e+00
      456       2.658964842664435e+00       -6.846726894378662e+00
      457       2.659916200069850e+00       -7.147898674011230e+00
      458       2.660865478003869e+00       -6.847010135650635e+00
      459       2.661812685537261e+00       -7.148181438446045e+00
      460       2.662757831681574e+00       -6.847291946411133e+00
      461       2.663700925389648e+00       -7.148462295532227e+00
      462       2.664641975556126e+00       -6.847572326660156e+00
      463       2.665580991017953e+00       -7.148742198944092e+00
      464       2.666517980554881e+00       -7.148881435394287e+00
      465       2.667452952889954e+00       -7.149020195007324e+00
      466       2.668385916690000e+00       -7.149158954620361e+00
      467       2.669316880566112e+00       -6.848267555236816e+00
      468       2.670245853074124e+00       -7.149435520172119e+00
      469       2.671172842715083e+00       -6.848543167114258e+00
      470       2.672097857935718e+00       -6.848680496215820e+00
      471       2.673020907128896e+00       -6.848817348480225e+00
      472       2.673941998634088e+00       -6.848953723907471e+00
      473       2.674861140737812e+00       -6.849090099334717e+00
      474       2.675778341674085e+00       -6.849225997924805e+00
      475       2.676693609624866e+00       -6.849361896514893e+00
      476       2.677606952720493e+00       -6.849497318267822e+00
      477       2.678518379040114e+00       -6.673541069030762e+00
      478       2.679427896612119e+00       -6.849766731262207e+00
      479       2.680335513414563e+00       -6.849901199340820e+00
      480       2.681241237375587e+00       -6.850035190582275e+00
      481       2.682145076373832e+00       -6.850168704986572e+00
      482       2.683047038238850e+00       -6.850302219390869e+00
      483       2.683947130751512e+00       -6.850435256958008e+00
      484       2.684845361644412e+00       -6.850567817687988e+00
      485       2.685741738602264e+00       -6.850700378417969e+00
      486       2.686636269262293e+00       -6.850832462310791e+00
      487       2.687528961214634e+00       -6.850964546203613e+00
      488       2.688419822002710e+00       -7.152125835418701e+00
      489       2.689308859123620e+00       -6.851227283477783e+00
      490       2.690196080028514e+00       -6.851357936859131e+00
      491       2.691081492122969e+00       -6.851488590240479e+00
      492       2.691965102767360e+00       -6.851618766784668e+00
      493       2.692846919277230e+00       -6.851748943328857e+00
      494       2.693726948923647e+00       -6.851878643035889e+00
      495       2.694605198933569e+00       -6.675916671752930e+00
      496       2.695481676490198e+00       -6.676045894622803e+00
      497       2.696356388733332e+00       -6.676174640655518e+00
      498       2.697229342759718e+00       -6.676302909851074e+00
      499       2.698100545623390e+00       -6.676431179046631e+00
      500       2.698970004336019e+00       -6.676558971405029e+00
      501       2.699837725867246e+00       -6.676686763763428e+00
      502       2.700703717145019e+00       -6.551875114440918e+00
      503       2.701567985055927e+00       -6.676940917968750e+00
      504       2.702430536445525e+00       -6.677067756652832e+00
      505       2.703291378118661e+00       -6.677194118499756e+00
      506       2.704150516839799e+00       -6.552381515502930e+00
      507       2.705007959333336e+00       -6.677445888519287e+00
      508       2.705863712283919e+00       -6.677571773529053e+00
      509       2.706717782336759e+00       -6.677697181701660e+00
      510       2.707570176097936e+00       -6.677822113037109e+00
      511       2.708420900134713e+00       -6.677946567535400e+00
      512       2.709269960975831e+00       -6.678071022033691e+00
      513       2.710117365111816e+00       -6.678195476531982e+00
      514       2.710963118995276e+00       -6.678319454193115e+00
      515       2.711807229041191e+00       -6.678442955017090e+00
      516       2.712649701627211e+00       -6.854657649993896e+00
      517       2.713490543093942e+00       -6.854780673980713e+00
      518       2.714329759745233e+00       -6.854903221130371e+00
      519       2.715167357848458e+00       -6.855025768280029e+00
      520       2.716003343634799e+00       -6.855148315429688e+00
      521       2.716837723299525e+00       -6.855269908905029e+00
      522       2.717670503002262e+00       -6.855391979217529e+00
      523       2.718501688867274e+00       -6.855513572692871e+00
      524       2.719331286983727e+00       -6.855634689331055e+00
      525       2.720159303405957e+00       -6.679664134979248e+00
      526       2.720985744153739e+00       -6.679784774780273e+00
      527       2.721810615212547e+00       -6.855996608734131e+00
      528       2.722633922533812e+00       -6.856116771697998e+00
      529       2.723455672035186e+00       -6.856236457824707e+00
      530       2.724275869600789e+00       -6.856356143951416e+00
      531       2.725094521081469e+00       -7.157505512237549e+00
      532       2.725911632295048e+00       -7.157624721527100e+00
      533       2.726727209026572e+00       -6.856713294982910e+00
      534       2.727541257028556e+00       -6.856832027435303e+00
      535       2.728353782021228e+00       -6.856950283050537e+00
      536       2.729164789692770e+00       -6.857068538665771e+00
      537       2.729974285699555e+00       -6.857186317443848e+00
      538       2.730782275666389e+00       -6.857304096221924e+00
      539       2.731588765186739e+00       -6.857421398162842e+00
      540       2.732393759822969e+00       -6.857538223266602e+00
      541       2.733197265106569e+00       -6.857655048370361e+00
      542       2.733999286538387e+00       -7.158802032470703e+00
      543       2.734799829588847e+00       -7.158918380737305e+00
      544       2.735598899698180e+00       -7.159034252166748e+00
      545       2.736396502276643e+00       -7.159150123596191e+00
      546       2.737192642704737e+00       -7.159265518188477e+00
      547       2.737987326333431e+00       -6.858351230621338e+00
      548       2.738780558484369e+00       -6.858466148376465e+00
      549       2.739572344450092e+00       -6.858581066131592e+00
      550       2.740362689494244e+00       -7.159725666046143e+00
      551       2.741151598851785e+00       -7.159840106964111e+00
      552       2.741939077729199e+00       -7.159954547882080e+00
      553       2.742725131304698e+00       -7.160068035125732e+00
      554       2.743509764728430e+00       -inf
      555       2.744292983122676e+00       -7.160295486450195e+00
      556       2.745074791582057e+00       -7.160408496856689e+00
      557       2.745855195173729e+00       -7.160521507263184e+00
      558       2.746634198937579e+00       -inf
      559       2.747411807886423e+00       -7.160747051239014e+00
      560       2.748188027006200e+00       -7.160859107971191e+00
      561       2.748962861256162e+00       -7.160971164703369e+00
      562       2.749736315569061e+00       -7.161083221435547e+00
      563       2.750508394851346e+00       -7.161194801330566e+00
      564       2.751279103983342e+00       -7.161306381225586e+00
      565       2.752048447819439e+00       -7.161417484283447e+00
      566       2.752816431188271e+00       -7.161528587341309e+00
      567       2.753583058892906e+00       -7.161639213562012e+00
      568       2.754348335711019e+00       -7.161749839782715e+00
      569       2.755112266395071e+00       -7.161859989166260e+00
      570       2.755874855672491e+00       -7.161970138549805e+00
      571       2.756636108245848e+00       -7.162079811096191e+00
      572       2.757396028793024e+00       -7.162189483642578e+00
      573       2.758154621967390e+00       -7.162298679351807e+00
      574       2.758911892397974e+00       -6.861378192901611e+00
      575       2.759667844689631e+00       -6.861486911773682e+00
      576       2.760422483423212e+00       -6.861595630645752e+00
      577       2.761175813155731e+00       -6.861704349517822e+00
      578       2.761927838420529e+00       -6.861812591552734e+00
      579       2.762678563727436e+00       -6.861920833587646e+00
      580       2.763427993562937e+00       -6.862028598785400e+00
      581       2.764176132390331e+00       -6.686045169830322e+00
      582       2.764922984649889e+00       -6.862243652343750e+00
      583       2.765668554759014e+00       -6.862350940704346e+00
      584       2.766412847112400e+00       -6.862458229064941e+00
      585       2.767155866082180e+00       -6.862565040588379e+00
      586       2.767897616018091e+00       -6.686580181121826e+00
      587       2.768638101247614e+00       -6.686686515808105e+00
      588       2.769377326076139e+00       -6.561854362487793e+00
      589       2.770115294787102e+00       -6.561960220336914e+00
      590       2.770852011642144e+00       -6.562066078186035e+00
      591       2.771587480881256e+00       -6.687110424041748e+00
      592       2.772321706722920e+00       -6.687215805053711e+00
      593       2.773054693364263e+00       -6.687320709228516e+00
      594       2.773786444981194e+00       -6.562487125396729e+00
      595       2.774516965728550e+00       -6.562592029571533e+00
      596       2.775246259740237e+00       -6.562696456909180e+00
      597       2.775974331129369e+00       -6.562800884246826e+00
      598       2.776701183988411e+00       -6.562905311584473e+00
      599       2.777426822389311e+00       -6.563009262084961e+00
      600       2.778151250383643e+00       -6.563112735748291e+00
      601       2.778874472002740e+00       -6.563216209411621e+00
      602       2.779596491257824e+00       -6.563319683074951e+00
      603       2.780317312140151e+00       -6.563423156738281e+00
      604       2.781036938621132e+00       -6.563526153564453e+00
      605       2.781755374652469e+00       -6.688567638397217e+00
      606       2.782472624166286e+00       -6.563731193542480e+00
      607       2.783188691075257e+00       -6.563833713531494e+00
      608       2.783903579272735e+00       -6.688874721527100e+00
      609       2.784617292632875e+00       -6.564038276672363e+00
      610       2.785329835010767e+00       -6.564139842987061e+00
      611       2.786041210242554e+00       -6.564241409301758e+00
      612       2.786751422145561e+00       -6.564342975616455e+00
      613       2.787460474518415e+00       -6.564444541931152e+00
      614       2.788168371141168e+00       -6.564545631408691e+00
      615       2.788875115775417e+00       -6.564646244049072e+00
      616       2.789580712164426e+00       -6.689685821533203e+00
      617       2.790285164033242e+00       -6.689786434173584e+00
      618       2.790988475088816e+00       -6.689886569976807e+00
      619       2.791690649020118e+00       -6.689986705780029e+00
      620       2.792391689498254e+00       -6.690086841583252e+00
      621       2.793091600176580e+00       -6.690186500549316e+00
      622       2.793790384690819e+00       -6.565347194671631e+00
      623       2.794488046659170e+00       -6.565446853637695e+00
      624       2.795184589682424e+00       -6.565546035766602e+00
      625       2.795880017344075e+00       -6.565645217895508e+00
      626       2.796574333210430e+00       -6.690682888031006e+00
      627       2.797267540830716e+00       -6.565842628479004e+00
      628       2.797959643737196e+00       -6.690879821777344e+00
      629       2.798650645445269e+00       -6.690978050231934e+00
      630       2.799340549453582e+00       -6.566137790679932e+00
      631       2.800029359244134e+00       -6.566235542297363e+00
      632       2.800717078282385e+00       -6.566333293914795e+00
      633       2.801403710017355e+00       -6.566431045532227e+00
      634       2.802089257881733e+00       -6.566528320312500e+00
      635       2.802773725291976e+00       -6.566626071929932e+00
      636       2.803457115648414e+00       -6.566722869873047e+00
      637       2.804139432335350e+00       -6.691758632659912e+00
      638       2.804820678721162e+00       -6.691855430603027e+00
      639       2.805500858158400e+00       -6.691951751708984e+00
      640       2.806179973983887e+00       -6.567109584808350e+00
      641       2.806858029518817e+00       -6.567205905914307e+00
      642       2.807535028068853e+00       -6.470391750335693e+00
      643       2.808210972924222e+00       -6.470487594604492e+00
      644       2.808885867359812e+00       -6.470583438873291e+00
      645       2.809559714635268e+00       -6.567589282989502e+00
      646       2.810232517995084e+00       -6.567684650421143e+00
      647       2.810904280668701e+00       -6.692718505859375e+00
      648       2.811575005870593e+00       -6.692813396453857e+00
      649       2.812244696800369e+00       -6.692908287048340e+00
      650       2.812913356642856e+00       -6.693003177642822e+00
      651       2.813580988568192e+00       -6.869188785552979e+00
      652       2.814247595731920e+00       -6.869283199310303e+00
      653       2.814913181275074e+00       -6.869377613067627e+00
      654       2.815577748324267e+00       -6.869471549987793e+00
      655       2.816241299991783e+00       -6.869565486907959e+00
      656       2.816903839375660e+00       -6.869658946990967e+00
      657       2.817565369559781e+00       -6.869752883911133e+00
      658       2.818225893613956e+00       -6.869845867156982e+00
      659       2.818885414594010e+00       -6.869939327239990e+00
      660       2.819543935541869e+00       -6.870032310485840e+00
      661       2.820201459485640e+00       -6.694034099578857e+00
      662       2.820857989439700e+00       -6.694126605987549e+00
      663       2.821513528404773e+00       -6.694219589233398e+00
      664       2.822168079368018e+00       -6.870403289794922e+00
      665       2.822821645303105e+00       -6.694404125213623e+00
      666       2.823474229170301e+00       -6.694496154785156e+00
      667       2.824125833916549e+00       -6.694588184356689e+00
      668       2.824776462475546e+00       -6.870771408081055e+00
      669       2.825426117767823e+00       -6.694771766662598e+00
      670       2.826074802700826e+00       -6.694863319396973e+00
      671       2.826722520168992e+00       -6.871045589447021e+00
      672       2.827369273053825e+00       -6.871137142181396e+00
      673       2.828015064223977e+00       -6.871228218078613e+00
      674       2.828659896535320e+00       -6.695227622985840e+00
      675       2.829303772831025e+00       -6.695318222045898e+00
      676       2.829946695941636e+00       -6.695408821105957e+00
      677       2.830588668685144e+00       -6.695499420166016e+00
      678       2.831229693867063e+00       -6.695589542388916e+00
      679       2.831869774280502e+00       -6.695679664611816e+00
      680       2.832508912706236e+00       -6.695769786834717e+00
      681       2.833147111912785e+00       -6.570920944213867e+00
      682       2.833784374656479e+00       -6.571010589599609e+00
      683       2.834420703681533e+00       -6.571099758148193e+00
      684       2.835056101720116e+00       -6.571189403533936e+00
      685       2.835690571492425e+00       -6.474368572235107e+00
      686       2.836324115706752e+00       -6.571367740631104e+00
      687       2.836956737059551e+00       -6.474546432495117e+00
      688       2.837588438235511e+00       -6.474635124206543e+00
      689       2.838219221907626e+00       -6.474723815917969e+00
      690       2.838849090737255e+00       -6.571722507476807e+00
      691       2.839478047374199e+00       -6.474900722503662e+00
      692       2.840106094456758e+00       -6.474988937377930e+00
      693       2.840733234611807e+00       -6.475077152252197e+00
      694       2.841359470454855e+00       -6.475164890289307e+00
      695       2.841984804590114e+00       -6.475252628326416e+00
      696       2.842609239610562e+00       -6.572250366210938e+00
      697       2.843232778098010e+00       -6.475427627563477e+00
      698       2.843855422623161e+00       -6.475514888763428e+00
      699       2.844477175745681e+00       -6.475602149963379e+00
      700       2.845098040014257e+00       -6.475689411163330e+00
      701       2.845718017966659e+00       -6.396595001220703e+00
      702       2.846337112129805e+00       -6.475862979888916e+00
      703       2.846955325019824e+00       -6.475949287414551e+00
      704       2.847572659142112e+00       -6.476036071777344e+00
      705       2.848189116991399e+00       -6.476122379302979e+00
      706       2.848804701051804e+00       -6.476208686828613e+00
      707       2.849419413796900e+00       -6.573204517364502e+00
      708       2.850033257689769e+00       -6.573290348052979e+00
      709       2.850646235183067e+00       -6.476466178894043e+00
      710       2.851258348719075e+00       -6.476552009582520e+00
      711       2.851869600729766e+00       -6.476637363433838e+00
      712       2.852479993636857e+00       -6.476722717285156e+00
      713       2.853089529851866e+00       -6.573718070983887e+00
      714       2.853698211776174e+00       -6.573802947998047e+00
      715       2.854306041801081e+00       -6.573887825012207e+00
      716       2.854913022307855e+00       -6.573972702026367e+00
      717       2.855519155667800e+00       -6.574057579040527e+00
      718       2.856124444242300e+00       -6.574141979217529e+00
      719       2.856728890382882e+00       -6.477316379547119e+00
      720       2.857332496431269e+00       -6.477400779724121e+00
      721       2.857935264719429e+00       -6.477484703063965e+00
      722       2.858537197569639e+00       -6.398387908935547e+00
      723       2.859138297294531e+00       -6.398471355438232e+00
      724       2.859738566197147e+00       -6.398555278778076e+00
      725       2.860338006570994e+00       -6.331692218780518e+00
      726       2.860936620700094e+00       -6.331775665283203e+00
      727       2.861534410859038e+00       -6.273867130279541e+00
      728       2.862131379313037e+00       -6.273950099945068e+00
      729       2.862727528317975e+00       -6.274033546447754e+00
      730       2.863322860120456e+00       -6.274116516113281e+00
      731       2.863917376957860e+00       -6.274199008941650e+00
      732       2.864511081058392e+00       -6.274281978607178e+00
      733       2.865103974641128e+00       -6.274364471435547e+00
      734       2.865696059916071e+00       -6.274446964263916e+00
      735       2.866287339084195e+00       -6.274529457092285e+00
      736       2.866877814337499e+00       -6.332603454589844e+00
      737       2.867467487859051e+00       -6.274693489074707e+00
      738       2.868056361823041e+00       -6.274775505065918e+00
      739       2.868644438394826e+00       -6.274857521057129e+00
      740       2.869231719730976e+00       -6.274939060211182e+00
      741       2.869818207979328e+00       -6.275020599365234e+00
      742       2.870403905279027e+00       -6.275102138519287e+00
      743       2.870988813760575e+00       -6.275183200836182e+00
      744       2.871572935545879e+00       -6.224112033843994e+00
      745       2.872156272748293e+00       -6.224193096160889e+00
      746       2.872738827472669e+00       -6.224274158477783e+00
      747       2.873320601815399e+00       -6.275507450103760e+00
      748       2.873901597864462e+00       -6.275588035583496e+00
      749       2.874481817699467e+00       -6.275668621063232e+00
      750       2.875061263391700e+00       -6.275749206542969e+00
      751       2.875639937004169e+00       -6.333821296691895e+00
      752       2.876217840591642e+00       -6.275909900665283e+00
      753       2.876794976200701e+00       -6.275990009307861e+00
      754       2.877371345869774e+00       -6.334061622619629e+00
      755       2.877946951629188e+00       -6.276149749755859e+00
      756       2.878521795501206e+00       -6.276229381561279e+00
      757       2.879095879500073e+00       -6.334300994873047e+00
      758       2.879669205632053e+00       -6.334380626678467e+00
      759       2.880241775895480e+00       -6.334459781646729e+00
      760       2.880813592280791e+00       -6.334538936614990e+00
      761       2.881384656770573e+00       -6.334618091583252e+00
      762       2.881954971339601e+00       -6.334697246551514e+00
      763       2.882524537954880e+00       -6.334775924682617e+00
      764       2.883093358575690e+00       -6.276863098144531e+00
      765       2.883661435153618e+00       -6.334933280944824e+00
      766       2.884228769632604e+00       -6.277019977569580e+00
      767       2.884795363948981e+00       -6.335090637207031e+00
      768       2.885361220031512e+00       -6.277176856994629e+00
      769       2.885926339801431e+00       -6.335247039794922e+00
      770       2.886490725172482e+00       -6.277333259582520e+00
      771       2.887054378050957e+00       -6.277410984039307e+00
      772       2.887617300335736e+00       -6.277488708496094e+00
      773       2.888179493918325e+00       -6.277566432952881e+00
      774       2.888740960682893e+00       -6.277644157409668e+00
      775       2.889301702506310e+00       -6.277721881866455e+00
      776       2.889861721258189e+00       -6.277799129486084e+00
      777       2.890421018800914e+00       -6.277876377105713e+00
      778       2.890979596989689e+00       -6.226800918579102e+00
      779       2.891537457672564e+00       -6.226878166198730e+00
      780       2.892094602690480e+00       -6.226954936981201e+00
      781       2.892651033877300e+00       -6.227032184600830e+00
      782       2.893206753059848e+00       -6.227108478546143e+00
      783       2.893761762057943e+00       -6.278337955474854e+00
      784       2.894316062684438e+00       -6.227261543273926e+00
      785       2.894869656745253e+00       -6.227338314056396e+00
      786       2.895422546039408e+00       -6.227414608001709e+00
      787       2.895974732359065e+00       -6.227490425109863e+00
      788       2.896526217489555e+00       -6.227566719055176e+00
      789       2.897077003209420e+00       -6.227642536163330e+00
      790       2.897627091290441e+00       -6.227718353271484e+00
      791       2.898176483497676e+00       -6.227794170379639e+00
      792       2.898725181589493e+00       -6.279022216796875e+00
      793       2.899273187317604e+00       -6.227945327758789e+00
      794       2.899820502427096e+00       -6.279173374176025e+00
      795       2.900367128656471e+00       -6.228096008300781e+00
      796       2.900913067737669e+00       -6.228171348571777e+00
      797       2.901458321396112e+00       -6.228246212005615e+00
      798       2.902002891350730e+00       -6.228321075439453e+00
      799       2.902546779313991e+00       -6.228395938873291e+00
      800       2.903089986991944e+00       -6.279623508453369e+00
      801       2.903632516084238e+00       -6.279697895050049e+00
      802       2.904174368284163e+00       -6.228620052337646e+00
      803       2.904715545278681e+00       -6.228694438934326e+00
      804       2.905256048748451e+00       -6.228768825531006e+00
      805       2.905795880367869e+00       -6.279995441436768e+00
      806       2.906335041805091e+00       -6.280069828033447e+00
      807       2.906873534722070e+00       -6.228991031646729e+00
      808       2.907411360774586e+00       -6.280217647552490e+00
      809       2.907948521612272e+00       -6.280291557312012e+00
      810       2.908485018878650e+00       -6.280364990234375e+00
      811       2.909020854211156e+00       -6.280438899993896e+00
      812       2.909556029241176e+00       -6.280512332916260e+00
      813       2.910090545594068e+00       -6.280585765838623e+00
      814       2.910624404889201e+00       -6.280658721923828e+00
      815       2.911157608739976e+00       -6.280732154846191e+00
      816       2.911690158753861e+00       -6.280805110931396e+00
      817       2.912222056532416e+00       -6.280878067016602e+00
      818       2.912753303671323e+00       -6.280951023101807e+00
      819       2.913283901760419e+00       -6.281023979187012e+00
      820       2.913813852383717e+00       -6.229944229125977e+00
      821       2.914343157119441e+00       -6.230016708374023e+00
      822       2.914871817540051e+00       -6.281241416931152e+00
      823       2.915399835212270e+00       -6.281313896179199e+00
      824       2.915927211697116e+00       -6.281386375427246e+00
      825       2.916453948549925e+00       -6.281458377838135e+00
      826       2.916980047320382e+00       -6.281530380249023e+00
      827       2.917505509552547e+00       -6.281602382659912e+00
      828       2.918030336784880e+00       -6.281674385070801e+00
      829       2.918554530550273e+00       -6.230593681335449e+00
      830       2.919078092376074e+00       -6.230665206909180e+00
      831       2.919601023784111e+00       -6.230737209320068e+00
      832       2.920123326290724e+00       -6.230808734893799e+00
      833       2.920645001406788e+00       -6.185122489929199e+00
      834       2.921166050637739e+00       -6.185193538665771e+00
      835       2.921686475483602e+00       -6.143872261047363e+00
      836       2.922206277439016e+00       -6.143943309783936e+00
      837       2.922725457993260e+00       -6.106225967407227e+00
      838       2.923244018630276e+00       -6.106296539306641e+00
      839       2.923761960828700e+00       -6.106367588043213e+00
      840       2.924279286061882e+00       -6.106438159942627e+00
      841       2.924795995797912e+00       -6.071746826171875e+00
      842       2.925312091499650e+00       -6.071817398071289e+00
      843       2.925827574624742e+00       -6.071887969970703e+00
      844       2.926342446625655e+00       -6.071958065032959e+00
      845       2.926856708949692e+00       -6.039843559265137e+00
      846       2.927370363039024e+00       -6.039913654327393e+00
      847       2.927883410330707e+00       -6.039983749389648e+00
      848       2.928395852256714e+00       -6.040053844451904e+00
      849       2.928907690243953e+00       -6.040123939514160e+00
      850       2.929418925714293e+00       -6.072378158569336e+00
      851       2.929929560084588e+00       -6.072447776794434e+00
      852       2.930439594766700e+00       -6.107279777526855e+00
      853       2.930949031167523e+00       -6.072587013244629e+00
      854       2.931457870689005e+00       -6.040471553802490e+00
      855       2.931966114728173e+00       -6.040541172027588e+00
      856       2.932473764677153e+00       -6.040610313415527e+00
      857       2.932980821923198e+00       -6.040679454803467e+00
      858       2.933487287848705e+00       -6.072933197021484e+00
      859       2.933993163831242e+00       -6.040817260742188e+00
      860       2.934498451243568e+00       -6.040886402130127e+00
      861       2.935003151453655e+00       -6.040955066680908e+00
      862       2.935507265824713e+00       -6.041023731231689e+00
      863       2.936010795715210e+00       -6.041092395782471e+00
      864       2.936513742478893e+00       -6.041160583496094e+00
      865       2.937016107464814e+00       -6.073413848876953e+00
      866       2.937517892017347e+00       -6.041297435760498e+00
      867       2.938019097476210e+00       -6.041365623474121e+00
      868       2.938519725176492e+00       -6.041433811187744e+00
      869       2.939019776448666e+00       -6.073686599731445e+00
      870       2.939519252618619e+00       -6.041569709777832e+00
      871       2.940018155007663e+00       -6.041637420654297e+00
      872       2.940516484932567e+00       -6.011742115020752e+00
      873       2.941014243705570e+00       -6.011809825897217e+00
      874       2.941511432634403e+00       -6.041840553283691e+00
      875       2.942008053022313e+00       -6.041908264160156e+00
      876       2.942504106168081e+00       -6.041975498199463e+00
      877       2.942999593366041e+00       -6.042043209075928e+00
      878       2.943494515906103e+00       -6.042110443115234e+00
      879       2.943988875073772e+00       -6.012214183807373e+00
      880       2.944482672150169e+00       -6.042244434356689e+00
      881       2.944975908412048e+00       -6.042311668395996e+00
      882       2.945468585131820e+00       -6.042378425598145e+00
      883       2.945960703577569e+00       -6.042445182800293e+00
      884       2.946452265013073e+00       -6.074696540832520e+00
      885       2.946943270697826e+00       -6.042578697204590e+00
      886       2.947433721887051e+00       -6.042644977569580e+00
      887       2.947923619831726e+00       -6.042711734771729e+00
      888       2.948412965778601e+00       -6.042778015136719e+00
      889       2.948901760970214e+00       -6.042844295501709e+00
      890       2.949390006644913e+00       -6.075095176696777e+00
      891       2.949877704036875e+00       -6.075161457061768e+00
      892       2.950364854376123e+00       -6.043042659759521e+00
      893       2.950851458888546e+00       -6.043108940124512e+00
      894       2.951337518795918e+00       -6.043174743652344e+00
      895       2.951823035315912e+00       -6.075425148010254e+00
      896       2.952308009662125e+00       -6.043306350708008e+00
      897       2.952792443044092e+00       -6.043371677398682e+00
      898       2.953276336667304e+00       -6.075622081756592e+00
      899       2.953759691733229e+00       -6.043502807617188e+00
      900       2.954242509439325e+00       -6.043568134307861e+00
      901       2.954724790979063e+00       -6.043633460998535e+00
      902       2.955206537541942e+00       -6.043698787689209e+00
      903       2.955687750313506e+00       -6.043764114379883e+00
      904       2.956168430475363e+00       -6.043828964233398e+00
      905       2.956648579205203e+00       -6.076078414916992e+00
      906       2.957128197676813e+00       -6.076143741607666e+00
      907       2.957607287060095e+00       -6.076208114624023e+00
      908       2.958085848521085e+00       -6.044088363647461e+00
      909       2.958563883221967e+00       -6.076337814331055e+00
      910       2.959041392321093e+00       -6.044217586517334e+00
      911       2.959518376972998e+00       -6.044281959533691e+00
      912       2.959994838328416e+00       -6.044346332550049e+00
      913       2.960470777534299e+00       -6.044410705566406e+00
      914       2.960946195733831e+00       -6.044475078582764e+00
      915       2.961421094066448e+00       -6.044539451599121e+00
      916       2.961895473667850e+00       -6.076787948608398e+00
      917       2.962369335670021e+00       -6.076852321624756e+00
      918       2.962842681201242e+00       -6.076916217803955e+00
      919       2.963315511386111e+00       -6.076979637145996e+00
      920       2.963787827345555e+00       -6.044858932495117e+00
      921       2.964259630196849e+00       -6.044922828674316e+00
      922       2.964730921053629e+00       -6.044986248016357e+00
      923       2.965201701025912e+00       -6.045049667358398e+00
      924       2.965671971220107e+00       -6.045113086700439e+00
      925       2.966141732739032e+00       -6.045176506042480e+00
      926       2.966610986681934e+00       -6.045239925384521e+00
      927       2.967079734144497e+00       -6.045303344726562e+00
      928       2.967547976218862e+00       -6.045366287231445e+00
      929       2.968015713993642e+00       -6.045429229736328e+00
      930       2.968482948553935e+00       -6.045492649078369e+00
      931       2.968949680981343e+00       -6.045555591583252e+00
      932       2.969415912353981e+00       -6.045618057250977e+00
      933       2.969881643746500e+00       -6.045680999755859e+00
      934       2.970346876230094e+00       -6.045743465423584e+00
      935       2.970811610872518e+00       -6.045806407928467e+00
      936       2.971275848738105e+00       -6.015905380249023e+00
      937       2.971739590887778e+00       -6.015967845916748e+00
      938       2.972202838379065e+00       -6.016030311584473e+00
      939       2.972665592266111e+00       -6.046055793762207e+00
      940       2.973127853599699e+00       -6.046118259429932e+00
      941       2.973589623427257e+00       -6.016217231750488e+00
      942       2.974050902792877e+00       -6.046242713928223e+00
      943       2.974511692737329e+00       -6.016341209411621e+00
      944       2.974971994298069e+00       -6.016403198242188e+00
      945       2.975431808509263e+00       -6.016465187072754e+00
      946       2.975891136401793e+00       -6.016526699066162e+00
      947       2.976349979003273e+00       -6.016588687896729e+00
      948       2.976808337338066e+00       -6.016650199890137e+00
      949       2.977266212427293e+00       -6.016711711883545e+00
      950       2.977723605288848e+00       -5.988744735717773e+00
      951       2.978180516937414e+00       -5.988806247711182e+00
      952       2.978636948384474e+00       -5.988867282867432e+00
      953       2.979092900638326e+00       -5.988928794860840e+00
      954       2.979548374704095e+00       -5.988989830017090e+00
      955       2.980003371583746e+00       -5.989050865173340e+00
      956       2.980457892276100e+00       -5.989111900329590e+00
      957       2.980911937776844e+00       -5.989172935485840e+00
      958       2.981365509078544e+00       -5.989233970642090e+00
      959       2.981818607170664e+00       -5.989295005798340e+00
      960       2.982271233039568e+00       -5.963026523590088e+00
      961       2.982723387668545e+00       -5.989416122436523e+00
      962       2.983175072037813e+00       -5.989477157592773e+00
      963       2.983626287124534e+00       -5.989537715911865e+00
      964       2.984077033902831e+00       -5.989597797393799e+00
      965       2.984527313343793e+00       -6.017687320709229e+00
      966       2.984977126415493e+00       -6.017747402191162e+00
      967       2.985426474083002e+00       -5.989778995513916e+00
      968       2.985875357308394e+00       -6.017868041992188e+00
      969       2.986323777050765e+00       -6.017928123474121e+00
      970       2.986771734266245e+00       -6.017988204956055e+00
      971       2.987219229908005e+00       -6.018048286437988e+00
      972       2.987666264926275e+00       -6.018107891082764e+00
      973       2.988112840268352e+00       -6.018167972564697e+00
      974       2.988558956878616e+00       -6.018227577209473e+00
      975       2.989004615698537e+00       -6.018287181854248e+00
      976       2.989449817666692e+00       -6.018347263336182e+00
      977       2.989894563718773e+00       -6.018406391143799e+00
      978       2.990338854787602e+00       -6.018465995788574e+00
      979       2.990782691803138e+00       -6.018525600433350e+00
      980       2.991226075692495e+00       -6.018584728240967e+00
      981       2.991669007379949e+00       -6.018644332885742e+00
      982       2.992111487786949e+00       -6.018703460693359e+00
      983       2.992553517832135e+00       -6.018762588500977e+00
      984       2.992995098431341e+00       -6.018821716308594e+00
      985       2.993436230497612e+00       -6.048843860626221e+00
      986       2.993876914941211e+00       -6.018939495086670e+00
      987       2.994317152669637e+00       -6.018998622894287e+00
      988       2.994756944587628e+00       -6.019057273864746e+00
      989       2.995196291597179e+00       -6.019115924835205e+00
      990       2.995635194597550e+00       -6.049138069152832e+00
      991       2.996073654485275e+00       -6.049196720123291e+00
      992       2.996511672154178e+00       -6.049255371093750e+00
      993       2.996949248495381e+00       -6.049313545227051e+00
      994       2.997386384397313e+00       -6.049372196197510e+00
      995       2.997823080745726e+00       -6.019467353820801e+00
      996       2.998259338423699e+00       -6.019525527954102e+00
      997       2.998695158311656e+00       -6.049547195434570e+00
      998       2.999130541287371e+00       -6.049605369567871e+00
      999       2.999565488225982e+00       -6.049663066864014e+00
      1000       3.000000000000000e+00       -6.049721240997314e+00
