# omega0=1, alpha=0.2
# theta0=0.8, theta_dot0=0.8
# t_start=0, t_end=100, h=0.00905358
#   t          x(t)                 v(t)       
0  8.000000000000000e-01  8.000000000000000e-01
9.053581134264535e-02 8.709055257974120e-01 7.657235212235514e-01
1.810716226852906e-01 9.385429080673712e-01 7.278714031683647e-01
2.716074340279359e-01 1.002606339043040e+00 6.868359291529371e-01
3.621432453705811e-01 1.062824425464438e+00 6.429834357172580e-01
4.526790567132263e-01 1.118957438081100e+00 5.966458771406760e-01
5.432148680558717e-01 1.170793914806715e+00 5.481149794740380e-01
6.337506793985175e-01 1.218146848899670e+00 4.976388934028179e-01
7.242864907411632e-01 1.260849679825540e+00 4.454211413510745e-01
8.148223020838090e-01 1.298752282508540e+00 3.916215858372886e-01
9.053581134264548e-01 1.331717124421923e+00 3.363591181703924e-01
9.958939247691005e-01 1.359615732717539e+00 2.797157710794304e-01
1.086429736111745e+00 1.382325587873913e+00 2.217419865858961e-01
1.176965547454390e+00 1.399727537837153e+00 1.624628123061800e-01
1.267501358797035e+00 1.411703808246692e+00 1.018848473225450e-01
1.358037170139679e+00 1.418136670309441e+00 4.000380596029431e-02
1.448572981482324e+00 1.418907817881358e+00 -2.318739134489173e-02
1.539108792824968e+00 1.413898498543732e+00 -8.769006104153787e-02
1.629644604167613e+00 1.402990438744476e+00 -1.534907793731356e-01
1.720180415510258e+00 1.386067598891482e+00 -2.205520349484991e-01
1.810716226852902e+00 1.363018788797608e+00 -2.888025863837106e-01
1.901252038195547e+00 1.333741164953230e+00 -3.581276511270629e-01
1.991787849538192e+00 1.298144616365608e+00 -4.283591295653392e-01
2.082323660880836e+00 1.256157022640410e+00 -4.992661743706835e-01
2.172859472223481e+00 1.207730334146934e+00 -5.705465463608624e-01
2.263395283566126e+00 1.152847377482151e+00 -6.418193477328691e-01
2.353931094908770e+00 1.091529228946165e+00 -7.126198775044722e-01
2.444466906251415e+00 1.023842924906539e+00 -7.823974900754114e-01
2.535002717594060e+00 9.499091937343737e-01 -8.505174246397884e-01
2.625538528936704e+00 8.699098056225205e-01 -9.162675716825501e-01
2.716074340279349e+00 7.840940539559675e-01 -9.788710107491474e-01
2.806610151621994e+00 6.927838185680403e-01 -1.037504854168667e+00
2.897145962964638e+00 5.963766334088202e-01 -1.091325445018796e+00
2.987681774307283e+00 4.953462055350082e-01 -1.139499296447640e+00
3.078217585649928e+00 3.902399225729518e-01 -1.181238379012520e+00
3.168753396992572e+00 2.816730483885725e-01 -1.215837566022614e+00
3.259289208335217e+00 1.703195368974932e-01 -1.242711375551456e+00
3.349825019677862e+00 5.689967336757057e-02 -1.261426756922387e+00
3.440360831020506e+00 -5.783495044683103e-02 -1.271728689728044e+00
3.530896642363151e+00 -1.731183472397398e-01 -1.273555859728939e+00
3.621432453705796e+00 -2.881879430000958e-01 -1.267044617108371e+00
3.711968265048440e+00 -4.023021882249047e-01 -1.252520675526698e+00
3.802504076391085e+00 -5.147568883861731e-01 -1.230479365354898e+00
3.893039887733730e+00 -6.248993012930789e-01 -1.201556474898708e+00
3.983575699076374e+00 -7.321392762108179e-01 -1.166492595666575e+00
4.074111510419023e+00 -8.359569963838921e-01 -1.126094309378927e+00
4.164647321761672e+00 -9.359071896166344e-01 -1.081195496495721e+00
4.255183133104321e+00 -1.031619950185517e+00 -1.032621584396531e+00
4.345718944446970e+00 -1.122798538989963e+00 -9.811588262724283e-01
4.436254755789619e+00 -1.209214680644245e+00 -9.275298679307720e-01
4.526790567132268e+00 -1.290701953149537e+00 -8.723760605010087e-01
4.617326378474917e+00 -1.367147875902123e+00 -8.162463128153814e-01
4.707862189817567e+00 -1.438485260009336e+00 -7.595917995644312e-01
4.798398001160216e+00 -1.504683308736968e+00 -7.027655582073454e-01
4.888933812502865e+00 -1.565738862156437e+00 -6.460258961498774e-01
4.979469623845514e+00 -1.621668082525364e+00 -5.895425504314520e-01
5.070005435188163e+00 -1.672498785603939e+00 -5.334046513221093e-01
5.160541246530812e+00 -1.718263544137453e+00 -4.776296990982255e-01
5.251077057873461e+00 -1.758993626043288e+00 -4.221729385228952e-01
5.341612869216110e+00 -1.794713781947983e+00 -3.669366864747080e-01
5.432148680558759e+00 -1.825437863586931e+00 -3.117793217833170e-01
5.522684491901408e+00 -1.851165234322375e+00 -2.565237766234640e-01
5.613220303244058e+00 -1.871877923462339e+00 -2.009654746554697e-01
5.703756114586707e+00 -1.887538475028263e+00 -1.448797443527406e-01
5.794291925929356e+00 -1.898088447223951e+00 -8.802880000983873e-02
5.884827737272005e+00 -1.903447529537138e+00 -3.016843157643582e-02
5.975363548614654e+00 -1.903513258924033e+00 2.894541883399828e-02
6.065899359957303e+00 -1.898161333930257e+00 8.954998856923596e-02
6.156435171299952e+00 -1.887246545112509e+00 1.518687096808616e-01
6.246970982642601e+00 -1.870604361021142e+00 2.161036721823029e-01
6.337506793985250e+00 -1.848053230459177e+00 2.824272989679406e-01
6.428042605327899e+00 -1.819397682636402e+00 3.509730099032735e-01
6.518578416670548e+00 -1.784432325578546e+00 4.218246878270374e-01
6.609114228013198e+00 -1.742946857393062e+00 4.950048251510086e-01
6.699650039355847e+00 -1.694732211439032e+00 5.704613381236390e-01
6.790185850698496e+00 -1.639587950665433e+00 6.480531998367570e-01
6.880721662041145e+00 -1.577331002744153e+00 7.275352753618385e-01
6.971257473383794e+00 -1.507805779514341e+00 8.085430515071085e-01
7.061793284726443e+00 -1.430895644678153e+00 8.905783382878855e-01
7.152329096069092e+00 -1.346535576495936e+00 9.729974604996160e-01
7.242864907411741e+00 -1.254725714101999e+00 1.055003910566270e+00
7.333400718754390e+00 -1.155545279278785e+00 1.135647818636322e+00
7.423936530097039e+00 -1.049166141243574e+00 1.213834796347714e+00
7.514472341439689e+00 -9.358650633190618e-01 1.288346581945880e+00
7.605008152782338e+00 -8.160334738919829e-01 1.357875308744829e+00
7.695543964124987e+00 -6.901834882912231e-01 1.421072031127445e+00
7.786079775467636e+00 -5.589489269458198e-01 1.476608370473406e+00
7.876615586810285e+00 -4.230802754403659e-01 1.523247947510207e+00
7.967151398152934e+00 -2.834329378425741e-01 1.559921997310572e+00
8.057687209495578e+00 -1.409487306517795e-01 1.585801723819554e+00
8.148223020838218e+00 3.368713198522237e-03 1.600359090563499e+00
8.238758832180858e+00 1.484832218987758e-01 1.603408280506473e+00
8.329294643523498e+00 2.933580139690223e-01 1.595122101510829e+00
8.419830454866139e+00 4.369878713521759e-01 1.576020870595362e+00
8.510366266208779e+00 5.784290968233141e-01 1.546935124372018e+00
8.600902077551419e+00 7.168250835503506e-01 1.508947042565445e+00
8.691437888894059e+00 8.514258908970541e-01 1.463317987447655e+00
8.781973700236700e+00 9.816009501293849e-01 1.411410613792031e+00
8.872509511579340e+00 1.106844779496256e+00 1.354613560171201e+00
8.963045322921980e+00 1.226776247436403e+00 1.294275121067745e+00
9.053581134264620e+00 1.341132402895825e+00 1.231650050448919e+00
9.144116945607260e+00 1.449758160482525e+00 1.167861308322337e+00
9.234652756949901e+00 1.552593197678895e+00 1.103876554755215e+00
9.325188568292541e+00 1.649657333688800e+00 1.040497754288118e+00
9.415724379635181e+00 1.741035469486558e+00 9.783614298499345e-01
9.506260190977821e+00 1.826862929424079e+00 9.179468219904419e-01
9.596796002320461e+00 1.907311799080177e+00 8.595893236200721e-01
9.687331813663102e+00 1.982578630823097e+00 8.034969174773047e-01
9.777867625005742e+00 2.052873703497317e+00 7.497678099648680e-01
9.868403436348382e+00 2.118411880965171e+00 6.984079339479546e-01
9.958939247691022e+00 2.179405014107968e+00 6.493474250225741e-01
1.004947505903366e+01 2.236055766556436e+00 6.024555317649071e-01
1.014001087037630e+01 2.288552708545751e+00 5.575536932917434e-01
1.023054668171894e+01 2.337066508536766e+00 5.144267128869721e-01
1.032108249306158e+01 2.381747052129378e+00 4.728320866904067e-01
1.041161830440422e+01 2.422721327053050e+00 4.325076256574275e-01
1.050215411574686e+01 2.460091927654738e+00 3.931775506541509e-01
1.059268992708950e+01 2.493936049454428e+00 3.545572561759913e-01
1.068322573843214e+01 2.524304862079445e+00 3.163569369459882e-01
1.077376154977478e+01 2.551223166024682e+00 2.782842604999456e-01
1.086429736111742e+01 2.574689254559506e+00 2.400462528318986e-01
1.095483317246006e+01 2.594674916441388e+00 2.013505467998203e-01
1.104536898380270e+01 2.611125527897848e+00 1.619061267332632e-01
1.113590479514535e+01 2.623960193785099e+00 1.214236892564902e-01
1.122644060648799e+01 2.633071908239601e+00 7.961573099908259e-02
1.131697641783063e+01 2.638327714924570e+00 3.619646962817745e-02
1.140751222917327e+01 2.639568856642188e+00 -9.118293557995363e-03
1.149804804051591e+01 2.636610914224325e+00 -5.661125241411411e-02
1.158858385185855e+01 2.629243945912777e+00 -1.065634821444611e-01
1.167911966320119e+01 2.617232651678044e+00 -1.592539727981969e-01
1.176965547454383e+01 2.600316602994821e+00 -2.149586133650396e-01
1.186019128588647e+01 2.578210598486281e+00 -2.739483817195682e-01
1.195072709722911e+01 2.550605230636345e+00 -3.364864356014316e-01
1.204126290857175e+01 2.517167779522919e+00 -4.028237282925516e-01
1.213179871991439e+01 2.477543587188013e+00 -4.731926922099356e-01
1.222233453125703e+01 2.431358111402725e+00 -5.477984502239928e-01
1.231287034259967e+01 2.378219910011659e+00 -6.268069394679358e-01
1.240340615394231e+01 2.317724865191663e+00 -7.103292850540568e-01
1.249394196528495e+01 2.249462017044062e+00 -7.984017719180352e-01
1.258447777662759e+01 2.173021430785985e+00 -8.909608766926085e-01
1.267501358797023e+01 2.088004559467652e+00 -9.878130989569158e-01
1.276554939931287e+01 1.994037566466461e+00 -1.088599847858843e+00
1.285608521065551e+01 1.890788013651129e+00 -1.192758477057846e+00
1.294662102199815e+01 1.777985169870943e+00 -1.299481783644479e+00
1.303715683334079e+01 1.655443914281117e+00 -1.407679906058986e+00
1.312769264468343e+01 1.523091767569364e+00 -1.515950469730062e+00
1.321822845602607e+01 1.380997966074760e+00 -1.622564750514437e+00
1.330876426736871e+01 1.229402720417645e+00 -1.725479025420539e+00
1.339930007871135e+01 1.068743952153365e+00 -1.822380387558564e+00
1.348983589005399e+01 8.996780360223785e-01 -1.910774237073298e+00
1.358037170139663e+01 7.230906223131079e-01 -1.988115738781614e+00
1.367090751273927e+01 5.400937401520685e-01 -2.051979737746501e+00
1.376144332408191e+01 3.520063089485601e-01 -2.100254039024354e+00
1.385197913542455e+01 1.603169756564949e-01 -2.131331938759069e+00
1.394251494676719e+01 -3.336934067367017e-02 -2.144274571534280e+00
1.403305075810983e+01 -2.273971461050367e-01 -2.138914768480057e+00
1.412358656945247e+01 -4.201320306796291e-01 -2.115882667671334e+00
1.421412238079511e+01 -6.100308353740982e-01 -2.076547584306814e+00
1.430465819213775e+01 -7.957031048325326e-01 -2.022886621890697e+00
1.439519400348039e+01 -9.759581771752597e-01 -1.957303443206045e+00
1.448572981482303e+01 -1.149834729519162e+00 -1.882427036894911e+00
1.457626562616567e+01 -1.316612305471700e+00 -1.800919284748601e+00
1.466680143750831e+01 -1.475806681359892e+00 -1.715313265765288e+00
1.475733724885095e+01 -1.627152484878652e+00 -1.627894559596912e+00
1.484787306019359e+01 -1.770577151450051e+00 -1.540628371278128e+00
1.493840887153623e+01 -1.906170212951849e+00 -1.455128133064166e+00
1.502894468287887e+01 -2.034151310022617e+00 -1.372657104122686e+00
1.511948049422151e+01 -2.154839471283419e+00 -1.294153120889508e+00
1.521001630556415e+01 -2.268625327208288e+00 -1.220267254518108e+00
1.530055211690680e+01 -2.375947160650793e+00 -1.151408815832498e+00
1.539108792824944e+01 -2.477271103370449e+00 -1.087791187034296e+00
1.548162373959208e+01 -2.573075377204078e+00 -1.029474883291936e+00
1.557215955093472e+01 -2.663838227216328e+00 -9.764058216744503e-01
1.566269536227736e+01 -2.750029066606421e+00 -9.284479334424638e-01
1.575323117362000e+01 -2.832102312623141e+00 -8.854100299551243e-01
1.584376698496264e+01 -2.910493407662715e+00 -8.470672970045352e-01
1.593430279630528e+01 -2.985616565846503e+00 -8.131780305096028e-01
1.602483860764792e+01 -3.057863845656728e+00 -7.834963122734454e-01
1.611537441899056e+01 -3.127605212618837e+00 -7.577813161577713e-01
1.620591023033320e+01 -3.195189316051636e+00 -7.358038745028578e-01
1.629644604167584e+01 -3.260944757202286e+00 -7.173508500354746e-01
1.638698185301848e+01 -3.325181671326203e+00 -7.022277674108111e-01
1.647751766436112e+01 -3.388193483374765e+00 -6.902600710140233e-01
1.656805347570376e+01 -3.450258726502311e+00 -6.812932968407976e-01
1.665858928704640e+01 -3.511642835498303e+00 -6.751923782487828e-01
1.674912509838904e+01 -3.572599844489382e+00 -6.718402484220956e-01
1.683966090973168e+01 -3.633373930819910e+00 -6.711358559226812e-01
1.693019672107432e+01 -3.694200755815666e+00 -6.729916727752523e-01
1.702073253241696e+01 -3.755308558983992e+00 -6.773307462003187e-01
1.711126834375960e+01 -3.816918965846672e+00 -6.840833246141667e-01
1.720180415510224e+01 -3.879247471725099e+00 -6.931830753891313e-01
1.729233996644488e+01 -3.942503565059711e+00 -7.045629059816111e-01
1.738287577778752e+01 -4.006890454909389e+00 -7.181504015934589e-01
1.747341158913016e+01 -4.072604368836171e+00 -7.338629020327909e-01
1.756394740047280e+01 -4.139833390186010e+00 -7.516022585857182e-01
1.765448321181544e+01 -4.208755808644662e+00 -7.712493392597614e-01
1.774501902315808e+01 -4.279537965759671e+00 -7.926583883008222e-01
1.783555483450072e+01 -4.352331588788729e+00 -8.156513935161060e-01
1.792609064584336e+01 -4.427270622647097e+00 -8.400126718409601e-01
1.801662645718600e+01 -4.504467591633071e+00 -8.654839475310021e-01
1.810716226852864e+01 -4.584009550474554e+00 -8.917602641265567e-01
1.819769807987128e+01 -4.665953718033638e+00 -9.184871342247516e-01
1.828823389121392e+01 -4.750322925971082e+00 -9.452593806219101e-01
1.837876970255656e+01 -4.837101057067146e+00 -9.716221464081471e-01
1.846930551389920e+01 -4.926228690784725e+00 -9.970745360922069e-01
1.855984132524184e+01 -5.017599212817164e+00 -1.021076280621974e+00
1.865037713658448e+01 -5.111055675364956e+00 -1.043057684594042e+00
1.874091294792713e+01 -5.206388709503120e+00 -1.062432908460429e+00
1.883144875926977e+01 -5.303335783925655e+00 -1.078616366575538e+00
1.892198457061241e+01 -5.401582070258164e+00 -1.091041701166643e+00
1.901252038195505e+01 -5.500763110950250e+00 -1.099182455055822e+00
1.910305619329769e+01 -5.600469391963465e+00 -1.102573257309306e+00
1.919359200464033e+01 -5.700252803985984e+00 -1.100830108074038e+00
1.928412781598297e+01 -5.799634842352717e+00 -1.093668251405439e+00
1.937466362732561e+01 -5.898116260811872e+00 -1.080916193760654e+00
1.946519943866825e+01 -5.995187773549040e+00 -1.062524672470667e+00
1.955573525001089e+01 -6.090341308919155e+00 -1.038569783633552e+00
1.964627106135353e+01 -6.183081269464969e+00 -1.009249993099061e+00
1.973680687269617e+01 -6.272935252787512e+00 -9.748773063022744e-01
1.982734268403881e+01 -6.359463736531246e+00 -9.358633837428674e-01
1.991787849538145e+01 -6.442268321132790e+00 -8.927017886170393e-01
2.000841430672409e+01 -6.520998243605283e+00 -8.459477936989688e-01
2.009895011806673e+01 -6.595355009050699e+00 -7.961972384796757e-01
2.018948592940937e+01 -6.665095118180655e+00 -7.440658275768152e-01
2.028002174075201e+01 -6.730030985552015e+00 -6.901700339968129e-01
2.037055755209465e+01 -6.790030235136597e+00 -6.351104654863451e-01
2.046109336343729e+01 -6.845013622538444e+00 -5.794582202546843e-01
2.055162917477993e+01 -6.894951866309212e+00 -5.237444437320921e-01
2.064216498612257e+01 -6.939861677480386e+00 -4.684530319195878e-01
2.073270079746521e+01 -6.979801261889260e+00 -4.140162261082385e-01
2.082323660880785e+01 -7.014865540305327e+00 -3.608127122800789e-01
2.091377242015049e+01 -7.045181292844376e+00 -3.091677707490594e-01
2.100430823149313e+01 -7.070902391972343e+00 -2.593550061911276e-01
2.109484404283577e+01 -7.092205246675422e+00 -2.115992114482649e-01
2.118537985417841e+01 -7.109284541987516e+00 -1.660799669202142e-01
2.127591566552105e+01 -7.122349324758600e+00 -1.229356393721694e-01
2.136645147686369e+01 -7.131619459118584e+00 -8.226751055373441e-02
2.145698728820633e+01 -7.137322453645362e+00 -4.414383077820445e-02
2.154752309954897e+01 -7.139690646421713e+00 -8.603651554729938e-03
2.163805891089161e+01 -7.138958723329598e+00 2.433965761145844e-02
2.172859472223425e+01 -7.135361538323219e+00 5.469526077754536e-02
2.181913053357689e+01 -7.129132201260961e+00 8.249209415840111e-02
2.190966634491953e+01 -7.120500398418950e+00 1.077764844185222e-01
2.200020215626217e+01 -7.109690912387085e+00 1.306101202044784e-01
2.209073796760481e+01 -7.096922311082552e+00 1.510683372509446e-01
2.218127377894745e+01 -7.082405779615078e+00 1.692386691297026e-01
2.227180959029009e+01 -7.066344073294740e+00 1.852196115269604e-01
2.236234540163273e+01 -7.048930574853047e+00 1.991195470692740e-01
2.245288121297537e+01 -7.030348443681059e+00 2.110557795128118e-01
2.254341702431801e+01 -7.010769849360566e+00 2.211536299908453e-01
2.263395283566065e+01 -6.990355285810112e+00 2.295455534740035e-01
2.272448864700329e+01 -6.969252965864959e+00 2.363702401830252e-01
2.281502445834593e+01 -6.947598298975953e+00 2.417716739922653e-01
2.290556026968857e+01 -6.925513456899281e+00 2.458981274985746e-01
2.299609608103122e+01 -6.903107033742483e+00 2.489010810658179e-01
2.308663189237386e+01 -6.880473807545568e+00 2.509340604921114e-01
2.317716770371650e+01 -6.857694610748501e+00 2.521513947327514e-01
2.326770351505914e+01 -6.834836316487173e+00 2.527069011460986e-01
2.335823932640178e+01 -6.811951946744151e+00 2.527525108672575e-01
2.344877513774442e+01 -6.789080907043735e+00 2.524368510670730e-01
2.353931094908706e+01 -6.766249350714029e+00 2.519038039889351e-01
2.362984676042970e+01 -6.743470673833820e+00 2.512910647908659e-01
2.372038257177234e+01 -6.720746139926840e+00 2.507287214160760e-01
2.381091838311498e+01 -6.698065631341628e+00 2.503378800658221e-01
2.390145419445762e+01 -6.675408522133012e+00 2.502293594708774e-01
2.399199000580026e+01 -6.652744665201329e+00 2.505024761810348e-01
2.408252581714290e+01 -6.630035484496256e+00 2.512439416460787e-01
2.417306162848554e+01 -6.607235161290312e+00 2.525268900693027e-01
2.426359743982818e+01 -6.584291901899136e+00 2.544100539836482e-01
2.435413325117082e+01 -6.561149272789010e+00 2.569371023181313e-01
2.444466906251346e+01 -6.537747587777335e+00 2.601361534516538e-01
2.453520487385610e+01 -6.514025331005146e+00 2.640194734302745e-01
2.462574068519874e+01 -6.489920598545929e+00 2.685833671651198e-01
2.471627649654138e+01 -6.465372540915758e+00 2.738082680209922e-01
2.480681230788402e+01 -6.440322788371748e+00 2.796590287210532e-01
2.489734811922666e+01 -6.414716840737771e+00 2.860854138880997e-01
2.498788393056930e+01 -6.388505403591482e+00 2.930227917691462e-01
2.507841974191194e+01 -6.361645653002324e+00 3.003930197010258e-01
2.516895555325458e+01 -6.334102411647573e+00 3.081055146362931e-01
2.525949136459722e+01 -6.305849220075823e+00 3.160584965487651e-01
2.535002717593986e+01 -6.276869288157894e+00 3.241403887962984e-01
2.544056298728250e+01 -6.247156313383209e+00 3.322313555948492e-01
2.553109879862514e+01 -6.216715154637463e+00 3.402049527585579e-01
2.562163460996778e+01 -6.185562352435032e+00 3.479298639398412e-01
2.571217042131042e+01 -6.153726489261208e+00 3.552716909610470e-01
2.580270623265306e+01 -6.121248386669363e+00 3.620947637019284e-01
2.589324204399570e+01 -6.088181139018220e+00 3.682639326545422e-01
2.598377785533834e+01 -6.054589987142426e+00 3.736463059414427e-01
2.607431366668098e+01 -6.020552038720697e+00 3.781128925553147e-01
2.616484947802362e+01 -5.986155845514744e+00 3.815401150121447e-01
2.625538528936626e+01 -5.951500850859967e+00 3.838111576367066e-01
2.634592110070890e+01 -5.916696723648963e+00 3.848171213454167e-01
2.643645691205154e+01 -5.881862597417784e+00 3.844579619760211e-01
2.652699272339418e+01 -5.847126234891055e+00 3.826431967415518e-01
2.661752853473682e+01 -5.812623139356931e+00 3.792923719565146e-01
2.670806434607946e+01 -5.778495634448902e+00 3.743352944067642e-01
2.679860015742210e+01 -5.744891933269917e+00 3.677120381607746e-01
2.688913596876474e+01 -5.711965216307862e+00 3.593727477730836e-01
2.697967178010738e+01 -5.679872735306509e+00 3.492772672471242e-01
2.707020759145002e+01 -5.648774957258277e+00 3.373946313901470e-01
2.716074340279267e+01 -5.618834759094659e+00 3.237024619733881e-01
2.725127921413531e+01 -5.590216679612782e+00 3.081863151738174e-01
2.734181502547795e+01 -5.563086230853992e+00 2.908390289993501e-01
2.743235083682059e+01 -5.537609266710281e+00 2.716601197763954e-01
2.752288664816323e+01 -5.513951402140954e+00 2.506552753914907e-01
2.761342245950587e+01 -5.492277472188306e+00 2.278359899837521e-01
2.770395827084851e+01 -5.472751016123964e+00 2.032193803800718e-01
2.779449408219115e+01 -5.455533768655190e+00 1.768282189576291e-01
2.788502989353379e+01 -5.440785137273089e+00 1.486912109927890e-01
2.797556570487643e+01 -5.428661642617929e+00 1.188435370457721e-01
2.806610151621907e+01 -5.419316297247319e+00 8.732767259918420e-02
2.815663732756171e+01 -5.412897897495411e+00 5.419448799540060e-02
2.824717313890435e+01 -5.409550203285963e+00 1.950462159972123e-02
2.833770895024699e+01 -5.409410981901890e+00 -1.666989212031027e-02
2.842824476158963e+01 -5.412610893929720e+00 -5.424377048021441e-02
2.851878057293227e+01 -5.419272203020098e+00 -9.311645143026172e-02
2.860931638427491e+01 -5.429507295882784e+00 -1.331699441983317e-01
2.869985219561755e+01 -5.443417005222810e+00 -1.742666400831528e-01
2.879038800696019e+01 -5.461088736269903e+00 -2.162471807718070e-01
2.888092381830283e+01 -5.482594407267076e+00 -2.589285014688728e-01
2.897145962964547e+01 -5.507988225804104e+00 -3.021021858925370e-01
2.906199544098811e+01 -5.537304336126384e+00 -3.455332882100380e-01
2.915253125233075e+01 -5.570554387264749e+00 -3.889597910263541e-01
2.924306706367339e+01 -5.607725087533656e+00 -4.320928757781030e-01
2.933360287501603e+01 -5.648775826870891e+00 -4.746181790165706e-01
2.942413868635867e+01 -5.693636463568419e+00 -5.161981915924573e-01
2.951467449770131e+01 -5.742205384789011e+00 -5.564759244446394e-01
2.960521030904395e+01 -5.794347959236689e+00 -5.950799122011166e-01
2.969574612038659e+01 -5.849895503666829e+00 -6.316305534218186e-01
2.978628193172923e+01 -5.908644880840632e+00 -6.657476957655173e-01
2.987681774307187e+01 -5.970358833594122e+00 -6.970592704007946e-01
2.996735355441451e+01 -6.034767137029519e+00 -7.252106706629923e-01
3.005788936575715e+01 -6.101568618442903e+00 -7.498744663525935e-01
3.014842517709979e+01 -6.170434053575907e+00 -7.707599602506142e-01
3.023896098844243e+01 -6.241009900432748e+00 -7.876220407690850e-01
3.032949679978507e+01 -6.312922781690966e+00 -8.002687756120387e-01
3.042003261112771e+01 -6.385784577969078e+00 -8.085672330719955e-01
3.051056842247035e+01 -6.459197951590882e+00 -8.124471110797836e-01
3.060110423381299e+01 -6.532762088459791e+00 -8.119018930744408e-01
3.069164004515563e+01 -6.606078427792339e+00 -8.069874209520546e-01
3.078217585649827e+01 -6.678756147872952e+00 -7.978179603717940e-01
3.087271166784091e+01 -6.750417190999395e+00 -7.845600117779447e-01
3.096324747918355e+01 -6.820700640847944e+00 -7.674242719097238e-01
3.105378329052619e+01 -6.889266307440552e+00 -7.466562597961481e-01
3.114431910186883e+01 -6.955797424459568e+00 -7.225261792244381e-01
3.123485491321147e+01 -7.020002416060011e+00 -6.953185947742528e-01
3.132539072455411e+01 -7.081615740976776e+00 -6.653224559676847e-01
3.141592653589676e+01 -7.140397866744113e+00 -6.328219243812520e-01
3.150646234723940e+01 -7.196134463467675e+00 -5.980883551251256e-01
3.159699815858204e+01 -7.248634933302672e+00 -5.613736708823865e-01
3.168753396992468e+01 -7.297730408293339e+00 -5.229052562068327e-01
3.177806978126732e+01 -7.343271356226983e+00 -4.828824016633200e-01
3.186860559260996e+01 -7.385124933079651e+00 -4.414742478883606e-01
3.195914140395260e+01 -7.423172213317581e+00 -3.988191215972064e-01
3.204967721529525e+01 -7.457305417729467e+00 -3.550251189464577e-01
3.214021302663793e+01 -7.487425244456263e+00 -3.101717743485126e-01
3.223074883798061e+01 -7.513438394056895e+00 -2.643126513908142e-01
3.232128464932328e+01 -7.535255365056416e+00 -2.174787029095105e-01
3.241182046066596e+01 -7.552788583353811e+00 -1.696822654213651e-01
3.250235627200863e+01 -7.565950917647593e+00 -1.209215752434264e-01
3.259289208335131e+01 -7.574654623874211e+00 -7.118571641139249e-02
3.268342789469398e+01 -7.578810754475660e+00 -2.045993113664431e-02
3.277396370603666e+01 -7.578329062813929e+00 3.126876033518979e-02
3.286449951737934e+01 -7.573118428730567e+00 8.400567398051856e-02
3.295503532872201e+01 -7.563087827440629e+00 1.377423525021240e-01
3.304557114006469e+01 -7.548147859835047e+00 1.924502826036069e-01
3.313610695140736e+01 -7.528212856897493e+00 2.480745090376628e-01
3.322664276275004e+01 -7.503203563268873e+00 3.045272469972395e-01
3.331717857409271e+01 -7.473050393896079e+00 3.616816384823421e-01
3.340771438543539e+01 -7.437697242066243e+00 4.193658542833645e-01
3.349825019677807e+01 -7.397105795951130e+00 4.773578091172866e-01
3.358878600812074e+01 -7.351260293345074e+00 5.353808290404467e-01
3.367932181946342e+01 -7.300172610350781e+00 5.931006805684761e-01
3.376985763080609e+01 -7.243887539903736e+00 6.501244297411454e-01
3.386039344214877e+01 -7.182488071857098e+00 7.060016331646785e-01
3.395092925349145e+01 -7.116100440854051e+00 7.602283557339592e-01
3.404146506483412e+01 -7.044898665887902e+00 8.122544443200798e-01
3.413200087617680e+01 -6.969108272251548e+00 8.614943484003583e-01
3.422253668751947e+01 -6.889008869555542e+00 9.073415589380006e-01
3.431307249886215e+01 -6.804935265995359e+00 9.491864384530657e-01
3.440360831020482e+01 -6.717276835507170e+00 9.864368562901812e-01
3.449414412154750e+01 -6.626474924862784e+00 1.018540659427718e+00
3.458467993289018e+01 -6.533018192105192e+00 1.045008652863617e+00
3.467521574423285e+01 -6.437435900775829e+00 1.065436496542264e+00
3.476575155557553e+01 -6.340289345255169e+00 1.079523808410171e+00
3.485628736691820e+01 -6.242161735474025e+00 1.087088840353256e+00
3.494682317826088e+01 -6.143647005667169e+00 1.088077381209803e+00
3.503735898960355e+01 -6.045338113387888e+00 1.082565016944724e+00
3.512789480094623e+01 -5.947815447042283e+00 1.070752483231475e+00
3.521843061228891e+01 -5.851635954800788e+00 1.052954493613816e+00
3.530896642363158e+01 -5.757323545384021e+00 1.029583021045349e+00
3.539950223497426e+01 -5.665361200733495e+00 1.001126466894611e+00
3.549003804631693e+01 -5.576185097312583e+00 9.681264129068342e-01
3.558057385765961e+01 -5.490180875523206e+00 9.311536995741923e-01
3.567110966900228e+01 -5.407682044189912e+00 8.907854279353311e-01
3.576164548034496e+01 -5.328970374863698e+00 8.475841886954165e-01
3.585218129168764e+01 -5.254278039340924e+00 8.020804452224256e-01
3.594271710303031e+01 -5.183791178005458e+00 7.547585984271061e-01
3.603325291437299e+01 -5.117654555826000e+00 7.060468940886879e-01
3.612378872571566e+01 -5.055976962517447e+00 6.563110322582650e-01
3.621432453705834e+01 -4.998837036570665e+00 6.058511212181135e-01
3.630486034840101e+01 -4.946289231808464e+00 5.549014867086329e-01
3.639539615974369e+01 -4.898369692472823e+00 5.036327912299638e-01
3.648593197108637e+01 -4.855101852403522e+00 4.521559224564653e-01
3.657646778242904e+01 -4.816501620985927e+00 4.005271564923967e-01
3.666700359377172e+01 -4.782582060149151e+00 3.487541742502117e-01
3.675753940511439e+01 -4.753357491092437e+00 2.968025938716216e-01
3.684807521645707e+01 -4.728846996006242e+00 2.446027685329100e-01
3.693861102779974e+01 -4.709077299011290e+00 1.920566802468845e-01
3.702914683914242e+01 -4.694085022534844e+00 1.390448322885616e-01
3.711968265048510e+01 -4.683918321320167e+00 8.543310362372893e-02
3.721021846182777e+01 -4.678637897279582e+00 3.107957755853485e-02
3.730075427317045e+01 -4.678317395533227e+00 -2.415860620465092e-02
3.739129008451312e+01 -4.683043176290177e+00 -8.041830163880956e-02
3.748182589585580e+01 -4.692913449785136e+00 -1.378232206217549e-01
3.757236170719847e+01 -4.708036753373600e+00 -1.964765223014945e-01
3.766289751854115e+01 -4.728529742297628e+00 -2.564530514142512e-01
3.775343332988383e+01 -4.754514259917380e+00 -3.177911783668143e-01
3.784396914122650e+01 -4.786113650953128e+00 -3.804842420247039e-01
3.793450495256918e+01 -4.823448284382253e+00 -4.444716667657898e-01
3.802504076391185e+01 -4.866630263266094e+00 -5.096299215385119e-01
3.811557657525453e+01 -4.915757319350344e+00 -5.757636121332919e-01
3.820611238659720e+01 -4.970905923237016e+00 -6.425971474779848e-01
3.829664819793988e+01 -5.032123688403434e+00 -7.097675904575710e-01
3.838718400928256e+01 -5.099421210627358e+00 -7.768194803193588e-01
3.847771982062523e+01 -5.172763563147480e+00 -8.432025746652234e-01
3.856825563196791e+01 -5.252061759320068e+00 -9.082735714494763e-01
3.865879144331058e+01 -5.337164592376746e+00 -9.713028929730786e-01
3.874932725465326e+01 -5.427851355789246e+00 -1.031487497279804e+00
3.883986306599594e+01 -5.523826023157399e+00 -1.087970384215616e+00
3.893039887733861e+01 -5.624713505647866e+00 -1.139866957612476e+00
3.902093468868129e+01 -5.730058589039108e+00 -1.186297698859492e+00
3.911147050002396e+01 -5.839328065320862e+00 -1.226425755576126e+00
3.920200631136664e+01 -5.951916406939940e+00 -1.259497161526547e+00
3.929254212270931e+01 -6.067155088681256e+00 -1.284880635790251e+00
3.938307793405199e+01 -6.184325361560044e+00 -1.302103435653771e+00
3.947361374539467e+01 -6.302673958899701e+00 -1.310879711064110e+00
3.956414955673734e+01 -6.421430911842806e+00 -1.311128310561359e+00
3.965468536808002e+01 -6.539828417493512e+00 -1.302977993867274e+00
3.974522117942269e+01 -6.657119577670573e+00 -1.286759372630336e+00
3.983575699076537e+01 -6.772595832529504e+00 -1.262984395773627e+00
3.992629280210804e+01 -6.885602050675410e+00 -1.232315553094357e+00
4.001682861345072e+01 -6.995548482356751e+00 -1.195527958199560e+00
4.010736442479340e+01 -7.101919094204354e+00 -1.153467948430250e+00
4.019790023613607e+01 -7.204276134536701e+00 -1.107011781424940e+00
4.028843604747875e+01 -7.302261082211175e+00 -1.057027499820512e+00
4.037897185882142e+01 -7.395592375290676e+00 -1.004342232838076e+00
4.046950767016410e+01 -7.484060479826005e+00 -9.497162845277310e-01
4.056004348150677e+01 -7.567520940745852e+00 -8.938244814514462e-01
4.065057929284945e+01 -7.645886065438012e+00 -8.372445286359436e-01
4.074111510419213e+01 -7.719115842881895e+00 -7.804516073538379e-01
4.083165091553480e+01 -7.787208616670900e+00 -7.238181484449667e-01
4.092218672687748e+01 -7.850191927402235e+00 -6.676176030767350e-01
4.101272253822015e+01 -7.908113833768478e+00 -6.120310639443359e-01
4.110325834956283e+01 -7.961034922965186e+00 -5.571557148396872e-01
4.119379416090550e+01 -8.009021136177608e+00 -5.030142613864684e-01
4.128432997224818e+01 -8.052137466823773e+00 -4.495646864622604e-01
4.137486578359086e+01 -8.090442538214964e+00 -3.967098571830378e-01
4.146540159493353e+01 -8.123984032004090e+00 -3.443066728140451e-01
4.155593740627621e+01 -8.152794917022121e+00 -2.921745786781265e-01
4.164647321761888e+01 -8.176890417366629e+00 -2.401033793820758e-01
4.173700902896156e+01 -8.196265656514225e+00 -1.878603679743969e-01
4.182754484030423e+01 -8.210893918698606e+00 -1.351968500616715e-01
4.191808065164691e+01 -8.220725478142516e+00 -8.185418797573130e-02
4.200861646298959e+01 -8.225686959671725e+00 -2.756952405414102e-02
4.209915227433226e+01 -8.225681209843662e+00 2.791863249520650e-02
4.218968808567494e+01 -8.220587675340628e+00 8.486475129055542e-02
4.228022389701761e+01 -8.210263304532793e+00 1.435103404718514e-01
4.237075970836029e+01 -8.194544008395777e+00 2.040774918340099e-01
4.246129551970296e+01 -8.173246737884554e+00 2.667616791784276e-01
4.255183133104564e+01 -8.146172255701639e+00 3.317235838592424e-01
4.264236714238832e+01 -8.113108700020931e+00 3.990797432466037e-01
4.273290295373099e+01 -8.073836054381907e+00 4.688918632584537e-01
4.282343876507367e+01 -8.028131649045301e+00 5.411547158497884e-01
4.291397457641634e+01 -7.975776820931734e+00 6.157826691076639e-01
4.300451038775902e+01 -7.916564846976476e+00 6.925950849558198e-01
4.309504619910170e+01 -7.850310233275490e+00 7.713010793306007e-01
4.318558201044437e+01 -7.776859382871943e+00 8.514844779582841e-01
4.327611782178705e+01 -7.696102571512340e+00 9.325902110027535e-01
4.336665363312972e+01 -7.607987027726771e+00 1.013913844518553e+00
4.345718944447240e+01 -7.512530739456938e+00 1.094596388724817e+00
4.354772525581507e+01 -7.409836399254825e+00 1.173626859091532e+00
4.363826106715775e+01 -7.300104669025116e+00 1.249855166756088e+00
4.372879687850043e+01 -7.183645721475008e+00 1.322017628738706e+00
4.381933268984310e+01 -7.060887840457521e+00 1.388776575870410e+00
4.390986850118578e+01 -6.932381788079576e+00 1.448774121146692e+00
4.400040431252845e+01 -6.798799726244295e+00 1.500698184173860e+00
4.409094012387113e+01 -6.660927755243104e+00 1.543356578053859e+00
4.418147593521380e+01 -6.519651613687388e+00 1.575752770746934e+00
4.427201174655648e+01 -6.375935739829497e+00 1.597155376013823e+00
4.436254755789916e+01 -6.230796641813075e+00 1.607153036539751e+00
4.445308336924183e+01 -6.085272241187764e+00 1.605687460683303e+00
4.454361918058451e+01 -5.940389403446936e+00 1.593059932639975e+00
4.463415499192718e+01 -5.797132136356307e+00 1.569910191126780e+00
4.472469080326986e+01 -5.656412861866738e+00 1.537170410092435e+00
4.481522661461253e+01 -5.519048764998503e+00 1.496000277053358e+00
4.490576242595521e+01 -5.385744577629636e+00 1.447711187948028e+00
4.499629823729789e+01 -5.257082395345297e+00 1.393688065445205e+00
4.508683404864056e+01 -5.133518388114184e+00 1.335316375035074e+00
4.517736985998324e+01 -5.015385661559115e+00 1.273919987468165e+00
4.526790567132591e+01 -4.902902119769067e+00 1.210713178643593e+00
4.535844148266859e+01 -4.796181987721043e+00 1.146767786836652e+00
4.544897729401126e+01 -4.695249645958699e+00 1.082994720734521e+00
4.553951310535394e+01 -4.600054563106460e+00 1.020137793642499e+00
4.563004891669662e+01 -4.510486327101374e+00 9.587772462410762e-01
4.572058472803929e+01 -4.426389023328335e+00 8.993402026397826e-01
4.581112053938197e+01 -4.347574449140786e+00 8.421155282755425e-01
4.590165635072464e+01 -4.273833865609325e+00 7.872709725109837e-01
4.599219216206732e+01 -4.204948157290517e+00 7.348709621701495e-01
4.608272797340999e+01 -4.140696397146086e+00 6.848938816070930e-01
4.617326378475267e+01 -4.080862900127348e+00 6.372480828247908e-01
4.626379959609535e+01 -4.025242902002982e+00 5.917861958301796e-01
4.635433540743802e+01 -3.973647027278146e+00 5.483175533784524e-01
4.644487121878070e+01 -3.925904718665022e+00 5.066187144625776e-01
4.653540703012337e+01 -3.881866796606109e+00 4.664421807968877e-01
4.662594284146605e+01 -3.841407305634234e+00 4.275234643404911e-01
4.671647865280872e+01 -3.804424788452366e+00 3.895866945108438e-01
4.680701446415140e+01 -3.770843111034367e+00 3.523489618497873e-01
4.689755027549408e+01 -3.740611944427028e+00 3.155235888497306e-01
4.698808608683675e+01 -3.713706992262300e+00 2.788225045965433e-01
4.707862189817943e+01 -3.690130037779851e+00 2.419578822356727e-01
4.716915770952210e+01 -3.669908870593114e+00 2.046431800616316e-01
4.725969352086478e+01 -3.653097141457600e+00 1.665937103408597e-01
4.735022933220746e+01 -3.639774182712706e+00 1.275268462308234e-01
4.744076514355013e+01 -3.630044822551804e+00 8.716196739386214e-02
4.753130095489281e+01 -3.624039212430361e+00 4.522023997404505e-02
4.762183676623548e+01 -3.621912678273842e+00 1.424327319163254e-03
4.771237257757816e+01 -3.623845597146556e+00 -4.450186494054022e-02
4.780290838892083e+01 -3.630043291055574e+00 -9.283329110575675e-02
4.789344420026351e+01 -3.640735917860117e+00 -1.438435731797869e-01
4.798398001160619e+01 -3.656178324998679e+00 -1.978043392114552e-01
4.807451582294886e+01 -3.676649813985016e+00 -2.549838729087952e-01
4.816505163429154e+01 -3.702453741314904e+00 -3.156447989630524e-01
4.825558744563421e+01 -3.733916853473132e+00 -3.800404602006852e-01
4.834612325697689e+01 -3.771388219091455e+00 -4.484095637177770e-01
4.843665906831956e+01 -3.815237579181025e+00 -5.209685876848149e-01
4.852719487966224e+01 -3.865852886505164e+00 -5.979013571251792e-01
4.861773069100492e+01 -3.923636748394512e+00 -6.793451310766615e-01
4.870826650234759e+01 -3.989001426275651e+00 -7.653725203804487e-01
4.879880231369027e+01 -4.062361985381789e+00 -8.559686133081414e-01
4.888933812503294e+01 -4.144127139219214e+00 -9.510028797051743e-01
4.897987393637562e+01 -4.234687310734113e+00 -1.050195824125860e+00
4.907040974771829e+01 -4.334399458120066e+00 -1.153081046880662e+00
4.916094555906097e+01 -4.443568317641390e+00 -1.258964427727475e+00
4.925148137040365e+01 -4.562423934407438e+00 -1.366883614364634e+00
4.934201718174632e+01 -4.691095721004784e+00 -1.475572835719814e+00
4.943255299308900e+01 -4.829583829400396e+00 -1.583440072437948e+00
4.952308880443167e+01 -4.977729342206198e+00 -1.688565382217020e+00
4.961362461577435e+01 -5.135185633888701e+00 -1.788730013341589e+00
4.970416042711702e+01 -5.301394097748795e+00 -1.881484966774952e+00
4.979469623845970e+01 -5.475568076822253e+00 -1.964264038558674e+00
4.988523204980238e+01 -5.656689012447228e+00 -2.034539690154144e+00
4.997576786114505e+01 -5.843518272532011e+00 -2.090010906520031e+00
5.006630367248773e+01 -6.034626689241118e+00 -2.128802352670232e+00
5.015683948383040e+01 -6.228441591001771e+00 -2.149646590116564e+00
5.024737529517308e+01 -6.423308412000981e+00 -2.152019047143698e+00
5.033791110651575e+01 -6.617561404303758e+00 -2.136200831218851e+00
5.042844691785843e+01 -6.809596238490596e+00 -2.103256845044994e+00
5.051898272920111e+01 -6.997936863333444e+00 -2.054932819610718e+00
5.060951854054378e+01 -7.181290033672054e+00 -1.993490016760262e+00
5.070005435188646e+01 -7.358583107627677e+00 -1.921506106191615e+00
5.079059016322913e+01 -7.528983452418178e+00 -1.841672907713308e+00
5.088112597457181e+01 -7.691900405066254e+00 -1.756616919249149e+00
5.097166178591448e+01 -7.846972690586796e+00 -1.668759487985486e+00
5.106219759725716e+01 -7.994045266529674e+00 -1.580223405860685e+00
5.115273340859984e+01 -8.133139773968825e+00 -1.492784233042571e+00
5.124326921994251e+01 -8.264422346295522e+00 -1.407859103927986e+00
5.133380503128519e+01 -8.388171736602285e+00 -1.326523265327125e+00
5.142434084262786e+01 -8.504749822019386e+00 -1.249544486181259e+00
5.151487665397054e+01 -8.614575704763764e+00 -1.177426844541944e+00
5.160541246531321e+01 -8.718103949275282e+00 -1.110457404974226e+00
5.169594827665589e+01 -8.815807001798488e+00 -1.048751355043632e+00
5.178648408799857e+01 -8.908161520587207e+00 -9.922929400441154e-01
5.187701989934124e+01 -8.995638168657306e+00 -9.409708913637614e-01
5.196755571068392e+01 -9.078694348461655e+00 -8.946079854482896e-01
5.205809152202659e+01 -9.157769354080287e+00 -8.529849613895343e-01
5.214862733336927e+01 -9.233281453581954e+00 -8.158593507259193e-01
5.223916314471195e+01 -9.305626471841560e+00 -7.829799142636094e-01
5.232969895605462e+01 -9.375177508742683e+00 -7.540974041582835e-01
5.242023476739730e+01 -9.442285491055751e+00 -7.289723245835693e-01
5.251077057873997e+01 -9.507280313817667e+00 -7.073802850740744e-01
5.260130639008265e+01 -9.570472376707146e+00 -6.891154488792693e-01
5.269184220142532e+01 -9.632154362219318e+00 -6.739924873400069e-01
5.278237801276800e+01 -9.692603135781821e+00 -6.618473673204234e-01
5.287291382411068e+01 -9.752081674149089e+00 -6.525372251704253e-01
5.296344963545335e+01 -9.810840948453688e+00 -6.459395183454492e-01
5.305398544679603e+01 -9.869121703184129e+00 -6.419505942173310e-01
5.314452125813870e+01 -9.927156083027617e+00 -6.404837737525680e-01
5.323505706948138e+01 -9.985169066791808e+00 -6.414670144392435e-01
5.332559288082405e+01 -1.004337967222722e+01 -6.448401910303257e-01
5.341612869216673e+01 -1.010200189814766e+01 -6.505520134857437e-01
5.350666450350941e+01 -1.016124537136277e+01 -6.585565883840966e-01
5.359720031485208e+01 -1.022131566613182e+01 -6.688096228118439e-01
5.368773612619476e+01 -1.028241426365256e+01 -6.812642684309836e-01
5.377827193753743e+01 -1.034473811907009e+01 -6.958666084958445e-01
5.386880774888011e+01 -1.040847880423430e+01 -7.125508027197450e-01
5.395934356022278e+01 -1.047382119662770e+01 -7.312339249422690e-01
5.404987937156546e+01 -1.054094168928701e+01 -7.518105574077082e-01
5.414041518290814e+01 -1.061000590398202e+01 -7.741472438358129e-01
5.423095099425081e+01 -1.068116590127116e+01 -7.980769515472810e-01
5.432148680559349e+01 -1.075455689717860e+01 -8.233937499842529e-01
5.441202261693616e+01 -1.083029351786468e+01 -8.498479769085073e-01
5.450255842827884e+01 -1.090846565124225e+01 -8.771422302670511e-01
5.459309423962151e+01 -1.098913398799885e+01 -9.049285866135496e-01
5.468363005096419e+01 -1.107232538317252e+01 -9.328074967133609e-01
5.477416586230687e+01 -1.115802821157910e+01 -9.603288335173031e-01
5.486470167364954e+01 -1.124618793310163e+01 -9.869955531427539e-01
5.495523748499222e+01 -1.133670312293868e+01 -1.012270361695746e+00
5.504577329633489e+01 -1.142942225198650e+01 -1.035585647989520e+00
5.513630910767757e+01 -1.152414151739647e+01 -1.056356738725023e+00
5.522684491902024e+01 -1.162060401670220e+01 -1.073998262621381e+00
5.531738073036292e+01 -1.171850052539379e+01 -1.087943090601407e+00
5.540791654170560e+01 -1.181747207430188e+01 -1.097662982324710e+00
5.549845235304827e+01 -1.191711443000711e+01 -1.102689759884629e+00
5.558898816439095e+01 -1.201698446351700e+01 -1.102635599356988e+00
5.567952397573362e+01 -1.211660825915446e+01 -1.097210930023851e+00
5.577005978707630e+01 -1.221549068047370e+01 -1.086238495886759e+00
5.586059559841897e+01 -1.231312598882956e+01 -1.069662376764924e+00
5.595113140976165e+01 -1.240900901848505e+01 -1.047551168444758e+00
5.604166722110433e+01 -1.250264636229720e+01 -1.020095034356774e+00
5.613220303244700e+01 -1.259356702101877e+01 -9.875968942502598e-01
5.622273884378968e+01 -1.268133201713912e+01 -9.504585293175275e-01
5.631327465513235e+01 -1.276554256410070e+01 -9.091627873621086e-01
5.640381046647503e+01 -1.284584650131548e+01 -8.642533172638280e-01
5.649434627781771e+01 -1.292194283924282e+01 -8.163133306819735e-01
5.658488208916038e+01 -1.299358439118453e+01 -7.659447926551589e-01
5.667541790050306e+01 -1.306057858595357e+01 -7.137492175102570e-01
5.676595371184573e+01 -1.312278664868509e+01 -6.603109417128835e-01
5.685648952318841e+01 -1.318012140093637e+01 -6.061834124975292e-01
5.694702533453108e+01 -1.323254396541930e+01 -5.518787146709343e-01
5.703756114587376e+01 -1.328005966824443e+01 -4.978602895294396e-01
5.712809695721644e+01 -1.332271341766215e+01 -4.445385966168537e-01
5.721863276855911e+01 -1.336058480915146e+01 -3.922693353493508e-01
5.730916857990179e+01 -1.339378316843548e+01 -3.413537738998173e-01
5.739970439124446e+01 -1.342244270191313e+01 -2.920407158168201e-01
5.749024020258714e+01 -1.344671788224333e+01 -2.445296568773117e-01
5.758077601392981e+01 -1.346677915830476e+01 -1.989747320582186e-01
5.767131182527249e+01 -1.348280904522657e+01 -1.554891135145532e-01
5.776184763661517e+01 -1.349499862244123e+01 -1.141495859197488e-01
5.785238344795784e+01 -1.350354444584366e+01 -7.500108901403545e-02
5.794291925930052e+01 -1.350864586377173e+01 -3.806107469364890e-02
5.803345507064319e+01 -1.351050271500289e+01 -3.323575369135911e-03
5.812399088198587e+01 -1.350931337951705e+01 2.923707905094715e-02
5.821452669332854e+01 -1.350527314862013e+01 5.966292607480254e-02
5.830506250467122e+01 -1.349857287941861e+01 8.800942354573613e-02
5.839559831601390e+01 -1.348939789893399e+01 1.143428788836654e-01
5.848613412735657e+01 -1.347792712479648e+01 1.387382306836242e-01
5.857666993869925e+01 -1.346433237201302e+01 1.612771508403386e-01
5.866720575004192e+01 -1.344877781840857e+01 1.820464309643945e-01
5.875774156138460e+01 -1.343141960471687e+01 2.011366150980884e-01
5.884827737272727e+01 -1.341240554873943e+01 2.186408409585922e-01
5.893881318406995e+01 -1.339187495634511e+01 2.346538535966383e-01
5.902934899541263e+01 -1.336995851523711e+01 2.492711580386288e-01
5.911988480675530e+01 -1.334677826029272e+01 2.625882808500218e-01
5.921042061809798e+01 -1.332244760183291e+01 2.747001143624437e-01
5.930095642944065e+01 -1.329707141037442e+01 2.857003213466421e-01
5.939149224078333e+01 -1.327074615324245e+01 2.956807820306869e-01
5.948202805212600e+01 -1.324356007987536e+01 3.047310694316928e-01
5.957256386346868e+01 -1.321559345374487e+01 3.129379428873288e-01
5.966309967481136e+01 -1.318691882956163e+01 3.203848533563665e-01
5.975363548615403e+01 -1.315760137486309e+01 3.271514574363008e-01
5.984417129749671e+01 -1.312769923521740e+01 3.333131400643097e-01
5.993470710883938e+01 -1.309726394215829e+01 3.389405484810717e-01
6.002524292018206e+01 -1.306634086263090e+01 3.440991422120417e-01
6.011577873152473e+01 -1.303496968821660e+01 3.488487655355619e-01
6.020631454286741e+01 -1.300318496175947e+01 3.532432501502043e-01
6.029685035421009e+01 -1.297101663828033e+01 3.573300565239769e-01
6.038738616555276e+01 -1.293849067627905e+01 3.611499627142704e-01
6.047792197689544e+01 -1.290562965473299e+01 3.647368093077654e-01
6.056845778823811e+01 -1.287245341033886e+01 3.681173085705676e-01
6.065899359958079e+01 -1.283897968885272e+01 3.713109249550622e-01
6.074952941092346e+01 -1.280522480379151e+01 3.743298328229797e-01
6.084006522226614e+01 -1.277120429529883e+01 3.771789556621481e-01
6.093060103360882e+01 -1.273693358167120e+01 3.798560892516126e-01
6.102113684495149e+01 -1.270242859590843e+01 3.823521092260877e-01
6.111167265629417e+01 -1.266770639970609e+01 3.846512613710743e-01
6.120220846763684e+01 -1.263278576755747e+01 3.867315308139301e-01
6.129274427897952e+01 -1.259768773407644e+01 3.885650841369546e-01
6.138328009032220e+01 -1.256243609828712e+01 3.901187764018328e-01
6.147381590166487e+01 -1.252705787943717e+01 3.913547132171235e-01
6.156435171300755e+01 -1.249158371985947e+01 3.922308563770295e-01
6.165488752435022e+01 -1.245604823150653e+01 3.927016603215855e-01
6.174542333569290e+01 -1.242049028397944e+01 3.927187257795990e-01
6.183595914703557e+01 -1.238495323313156e+01 3.922314565095913e-01
6.192649495837825e+01 -1.234948509060482e+01 3.911877050900639e-01
6.201703076972093e+01 -1.231413863590732e+01 3.895343942510457e-01
6.210756658106360e+01 -1.227897147382056e+01 3.872181012868188e-01
6.219810239240628e+01 -1.224404604098666e+01 3.841855946265524e-01
6.228863820374895e+01 -1.220942956642798e+01 3.803843136252292e-01
6.237917401509163e+01 -1.217519399145620e+01 3.757627850110033e-01
6.246970982643430e+01 -1.214141585490248e+01 3.702709721080329e-01
6.256024563777698e+01 -1.210817614982194e+01 3.638605558523243e-01
6.265078144911966e+01 -1.207556015777867e+01 3.564851496290115e-01
6.274131726046233e+01 -1.204365726649690e+01 3.481004529753491e-01
6.283185307180501e+01 -1.201256077607439e+01 3.386643521088050e-01
6.292238888314768e+01 -1.198236769810832e+01 3.281369779554262e-01
6.301292469449036e+01 -1.195317855100554e+01 3.164807347835455e-01
6.310346050583303e+01 -1.192509715346528e+01 3.036603146208083e-01
6.319399631717571e+01 -1.189823041667021e+01 2.896427142947405e-01
6.328453212851839e+01 -1.187268813413820e+01 2.743972731526071e-01
6.337506793986106e+01 -1.184858276651540e+01 2.578957502649118e-01
6.346560375120374e+01 -1.182602921687245e+01 2.401124601908679e-01
6.355613956254641e+01 -1.180514459034410e+01 2.210244861833261e-01
6.364667537388909e+01 -1.178604793027020e+01 2.006119890363034e-01
6.373721118523176e+01 -1.176885992139673e+01 1.788586286264561e-01
6.382774699657444e+01 -1.175370254922218e+01 1.557521135544582e-01
6.391828280791712e+01 -1.174069870327416e+01 1.312848921184463e-01
6.400881861925978e+01 -1.172997171102340e+01 1.054549950904192e-01
6.409935443060246e+01 -1.172164478834445e+01 7.826703733066123e-02
6.418989024194514e+01 -1.171584039197997e+01 4.973338104865205e-02
6.428042605328781e+01 -1.171267945943779e+01 1.987545835845606e-02
6.437096186463049e+01 -1.171228052223651e+01 -1.127475548032477e-02
6.446149767597316e+01 -1.171475867952571e+01 -4.367313426691809e-02
6.455203348731584e+01 -1.172022442096060e+01 -7.726168358016663e-02
6.464256929865851e+01 -1.172878229044244e+01 -1.119667495522178e-01
6.473310511000119e+01 -1.174052938608638e+01 -1.476972012412908e-01
6.482364092134387e+01 -1.175555369668038e+01 -1.843426475825813e-01
6.491417673268654e+01 -1.177393228107163e+01 -2.217717644290467e-01
6.500471254402922e+01 -1.179572930443318e+01 -2.598308222330181e-01
6.509524835537189e+01 -1.182099395423078e+01 -2.983425195366501e-01
6.518578416671457e+01 -1.184975826883366e+01 -3.371052403191243e-01
6.527631997805724e+01 -1.188203492286052e+01 -3.758928626707566e-01
6.536685578939992e+01 -1.191781502511825e+01 -4.144552501372981e-01
6.545739160074260e+01 -1.195706599676907e+01 -4.525195530514633e-01
6.554792741208527e+01 -1.199972960832605e+01 -4.897924328446508e-01
6.563846322342795e+01 -1.204572026319679e+01 -5.259632955839768e-01
6.572899903477062e+01 -1.209492362157259e+01 -5.607085803776126e-01
6.581953484611330e+01 -1.214719566022023e+01 -5.936970935891673e-01
6.591007065745598e+01 -1.220236225994874e+01 -6.245963124236323e-01
6.600060646879865e+01 -1.226021940218759e+01 -6.530795048643341e-01
6.609114228014133e+01 -1.232053403863202e+01 -6.788334328136151e-01
6.618167809148400e+01 -1.238304567329764e+01 -7.015663292579092e-01
6.627221390282668e+01 -1.244746866535047e+01 -7.210157773058413e-01
6.636274971416935e+01 -1.251349522534148e+01 -7.369560782405182e-01
6.645328552551203e+01 -1.258079903937167e+01 -7.492046853137846e-01
6.654382133685471e+01 -1.264903941825379e+01 -7.576273052319505e-01
6.663435714819738e+01 -1.271786583524212e+01 -7.621413314916554e-01
6.672489295954006e+01 -1.278692268960371e+01 -7.627173695250307e-01
6.681542877088273e+01 -1.285585411691067e+01 -7.593787348937164e-01
6.690596458222541e+01 -1.292430866223464e+01 -7.521989406199660e-01
6.699650039356808e+01 -1.299194364002192e+01 -7.412973241263894e-01
6.708703620491076e+01 -1.305842902363677e+01 -7.268330841423428e-01
6.717757201625344e+01 -1.312345073650543e+01 -7.089980914288022e-01
6.726810782759611e+01 -1.318671325268656e+01 -6.880088962166152e-01
6.735864363893879e+01 -1.324794145423165e+01 -6.640983765679163e-01
6.744917945028146e+01 -1.330688173249906e+01 -6.375074570131060e-01
6.753971526162414e+01 -1.336330235760416e+01 -6.084772814167621e-01
6.763025107296681e+01 -1.341699317202256e+01 -5.772421564695598e-01
6.772078688430949e+01 -1.346776468944023e+01 -5.440235020754465e-01
6.781132269565217e+01 -1.351544669755271e+01 -5.090249615281432e-01
6.790185850699484e+01 -1.355988647373527e+01 -4.724287456761743e-01
6.799239431833752e+01 -1.360094672604171e+01 -4.343932171050662e-01
6.808293012968019e+01 -1.363850336997142e+01 -3.950516662453324e-01
6.817346594102287e+01 -1.367244324522097e+01 -3.545121925918333e-01
6.826400175236554e+01 -1.370266186759254e+01 -3.128585804457212e-01
6.835453756370822e+01 -1.372906130065038e+01 -2.701520480217954e-01
6.844507337505090e+01 -1.375154822068201e+01 -2.264337488705773e-01
6.853560918639357e+01 -1.377003223787150e+01 -1.817279124617633e-01
6.862614499773625e+01 -1.378442452689992e+01 -1.360455235533042e-01
6.871668080907892e+01 -1.379463681176957e+01 -8.938845489940847e-02
6.880721662042160e+01 -1.380058074258615e+01 -4.175398248796606e-02
6.889775243176427e+01 -1.380216769620031e+01 6.860375290397104e-03
6.898828824310695e+01 -1.379930902770304e+01 5.645174520164645e-02
6.907882405444963e+01 -1.379191679532582e+01 1.070065620572233e-01
6.916935986579230e+01 -1.377990497671994e+01 1.584950607441258e-01
6.925989567713498e+01 -1.376319118916736e+01 2.108656648515279e-01
6.935043148847765e+01 -1.374169891920245e+01 2.640393622861636e-01
6.944096729982033e+01 -1.371536025753645e+01 3.179041908906414e-01
6.953150311116300e+01 -1.368411912220648e+01 3.723099990458718e-01
6.962203892250568e+01 -1.364793493572727e+01 4.270636961166850e-01
6.971257473384836e+01 -1.360678670011131e+01 4.819252624243047e-01
6.980311054519103e+01 -1.356067738670100e+01 5.366048432587660e-01
6.989364635653371e+01 -1.350963852613508e+01 5.907612990095527e-01
6.998418216787638e+01 -1.345373484852946e+01 6.440026141095084e-01
7.007471797921906e+01 -1.339306878714218e+01 6.958885694386824e-01
7.016525379056174e+01 -1.332778462358108e+01 7.459360434425640e-01
7.025578960190441e+01 -1.325807202329174e+01 7.936272147610101e-01
7.034632541324709e+01 -1.318416869183875e+01 8.384207856396481e-01
7.043686122458976e+01 -1.310636188100289e+01 8.797661298628379e-01
7.052739703593244e+01 -1.302498849423815e+01 9.171200007984783e-01
7.061793284727511e+01 -1.294043358743379e+01 9.499651363401542e-01
7.070846865861779e+01 -1.285312713450652e+01 9.778298026364115e-01
7.079900446996047e+01 -1.276353902581112e+01 1.000307071542397e+00
7.088954028130314e+01 -1.267217238423012e+01 1.017072474574665e+00
7.098007609264582e+01 -1.257955540859065e+01 1.027898659087795e+00
7.107061190398849e+01 -1.248623207329976e+01 1.032665813960451e+00
7.116114771533117e+01 -1.239275211228015e+01 1.031366930910425e+00
7.125168352667384e+01 -1.229966078131712e+01 1.024107394096474e+00
7.134221933801652e+01 -1.220748891653579e+01 1.011098890520461e+00
7.143275514935920e+01 -1.211674378435601e+01 9.926481374986739e-01
7.152329096070187e+01 -1.202790115280809e+01 9.691413606090561e-01
7.161382677204455e+01 -1.194139891430880e+01 9.410257687024405e-01
7.170436258338722e+01 -1.185763246883869e+01 9.087894283463477e-01
7.179489839472990e+01 -1.177695194862062e+01 8.729409333948550e-01
7.188543420607257e+01 -1.169966124480695e+01 8.339901172744163e-01
7.197597001741525e+01 -1.162601869445731e+01 7.924308055194853e-01
7.206650582875793e+01 -1.155623920932393e+01 7.487263018035849e-01
7.215704164010060e+01 -1.149049757943484e+01 7.032979883100997e-01
7.224757745144328e+01 -1.142893266314037e+01 6.565171379861611e-01
7.233811326278595e+01 -1.137165217731922e+01 6.086998065465337e-01
7.242864907412863e+01 -1.131873782136115e+01 5.601045074480407e-01
7.251918488547130e+01 -1.127025050038147e+01 5.109322737380726e-01
7.260972069681398e+01 -1.122623545125772e+01 4.613286691613755e-01
7.270025650815666e+01 -1.118672711479635e+01 4.113873153116794e-01
7.279079231949933e+01 -1.115175363507701e+01 3.611545387002884e-01
7.288132813084201e+01 -1.112134090040177e+01 3.106347989128764e-01
7.297186394218468e+01 -1.109551606795779e+01 2.597966260738591e-01
7.306239975352736e+01 -1.107431053578127e+01 2.085788646566201e-01
7.315293556487003e+01 -1.105776234099799e+01 1.568970857184137e-01
7.324347137621271e+01 -1.104591797312314e+01 1.046500874027506e-01
7.333400718755539e+01 -1.103883359618982e+01 5.172645206912840e-02
7.342454299889806e+01 -1.103657567452753e+01 -1.988833308762522e-03
7.351507881024074e+01 -1.103922099508164e+01 -5.660765929388179e-02
7.360561462158341e+01 -1.104685607524252e+01 -1.122319281325550e-01
7.369615043292609e+01 -1.105957594027848e+01 -1.689464848108743e-01
7.378668624426876e+01 -1.107748224975653e+01 -2.268117983419015e-01
7.387722205561144e+01 -1.110068074903161e+01 -2.858563695652953e-01
7.396775786695412e+01 -1.112927802139447e+01 -3.460688813014998e-01
7.405829367829679e+01 -1.116337752039528e+01 -4.073901650744988e-01
7.414882948963947e+01 -1.120307487199635e+01 -4.697051376584969e-01
7.423936530098214e+01 -1.124845245446757e+01 -5.328349610976658e-01
7.432990111232482e+01 -1.129957329220529e+01 -5.965297999429960e-01
7.442043692366749e+01 -1.135647433949817e+01 -6.604626837971885e-01
7.451097273501017e+01 -1.141915928253066e+01 -7.242251209953793e-01
7.460150854635285e+01 -1.148759105216486e+01 -7.873252326736662e-01
7.469204435769552e+01 -1.156168431389496e+01 -8.491892603755377e-01
7.478258016903820e+01 -1.164129827984618e+01 -9.091673128712076e-01
7.487311598038087e+01 -1.172623026274337e+01 -9.665441238383297e-01
7.496365179172355e+01 -1.181621045224767e+01 -1.020555359360881e+00
7.505418760306623e+01 -1.191089842637659e+01 -1.070409623269444e+00
7.514472341440890e+01 -1.200988190052709e+01 -1.115315763437469e+00
7.523525922575158e+01 -1.211267815142429e+01 -1.154514421690632e+00
7.532579503709425e+01 -1.221873842588224e+01 -1.187312071682766e+00
7.541633084843693e+01 -1.232745545603200e+01 -1.213115165330905e+00
7.550686665977960e+01 -1.243817396624130e+01 -1.231461589115010e+00
7.559740247112228e+01 -1.255020379641982e+01 -1.242046535559145e+00
7.568793828246496e+01 -1.266283501484976e+01 -1.244740196348233e+00
7.577847409380763e+01 -1.277535418770119e+01 -1.239595382103003e+00
7.586900990515031e+01 -1.288706084475155e+01 -1.226844184879438e+00
7.595954571649298e+01 -1.299728315311540e+01 -1.206883964984039e+00
7.605008152783566e+01 -1.310539188822729e+01 -1.180254067639633e+00
7.614061733917833e+01 -1.321081196144216e+01 -1.147605570748931e+00
7.623115315052101e+01 -1.331303099920859e+01 -1.109666899752085e+00
7.632168896186369e+01 -1.341160473416127e+01 -1.067208267811889e+00
7.641222477320636e+01 -1.350615922720526e+01 -1.021007641779081e+00
7.650276058454904e+01 -1.359639016134407e+01 -9.718203937304946e-01
7.659329639589171e+01 -1.368205961277518e+01 -9.203541038476020e-01
7.668383220723439e+01 -1.376299080469117e+01 -8.672492615066543e-01
7.677436801857706e+01 -1.383906138692569e+01 -8.130659700283313e-01
7.686490382991974e+01 -1.391019577027681e+01 -7.582762602799294e-01
7.695543964126242e+01 -1.397635699219218e+01 -7.032612838051309e-01
7.704597545260509e+01 -1.403753851540557e+01 -6.483124805950320e-01
7.713651126394777e+01 -1.409375627635844e+01 -5.936357732581929e-01
7.722704707529044e+01 -1.414504121621203e+01 -5.393578926135431e-01
7.731758288663312e+01 -1.419143245105904e+01 -4.855340538260648e-01
7.740811869797579e+01 -1.423297117364814e+01 -4.321563464858791e-01
7.749865450931847e+01 -1.426969532816596e+01 -3.791623533834397e-01
7.758919032066115e+01 -1.430163506226834e+01 -3.264436557974371e-01
7.767972613200382e+01 -1.432880893542894e+01 -2.738540092282097e-01
7.777026194334650e+01 -1.435122084805145e+01 -2.212170791225229e-01
7.786079775468917e+01 -1.436885764978954e+01 -1.683337111484347e-01
7.795133356603185e+01 -1.438168738634988e+01 -1.149887769246250e-01
7.804186937737452e+01 -1.438965815015165e+01 -6.095768663754166e-02
7.813240518871720e+01 -1.439269751028631e+01 -6.012697656460639e-03
7.822294100005988e+01 -1.439071251021859e+01 5.007082439458327e-02
7.831347681140255e+01 -1.438359023674339e+01 1.075080169239217e-01
7.840401262274523e+01 -1.437119898011995e+01 1.664978181258865e-01
7.849454843408790e+01 -1.435339002229589e+01 2.272157633317571e-01
7.858508424543058e+01 -1.433000010683078e+01 2.898061010812975e-01
7.867562005677325e+01 -1.430085465937380e+01 3.543730739250053e-01
7.876615586811593e+01 -1.426577183974969e+01 4.209712534421018e-01
7.885669167945861e+01 -1.422456751367698e+01 4.895948913725279e-01
7.894722749080128e+01 -1.417706123097124e+01 5.601663576431654e-01
7.903776330214396e+01 -1.412308328407843e+01 6.325238900479521e-01
7.912829911348663e+01 -1.406248289152392e+01 7.064090861717064e-01
7.921883492482931e+01 -1.399513750052779e+01 7.814548275712008e-01
7.930937073617199e+01 -1.392096312702954e+01 8.571746315703782e-01
7.939990654751466e+01 -1.383992554641435e+01 9.329547547937989e-01
7.949044235885734e+01 -1.375205201398177e+01 1.008050681996519e+00
7.958097817020001e+01 -1.365744303522586e+01 1.081589857308490e+00
7.967151398154269e+01 -1.355628353395715e+01 1.152582563791400e+00
7.976204979288536e+01 -1.344885260156930e+01 1.219942629958994e+00
7.985258560422804e+01 -1.333553088267205e+01 1.282519046672709e+00
7.994312141557072e+01 -1.321680459689825e+01 1.339138565181830e+00
8.003365722691339e+01 -1.309326525102618e+01 1.388657949529144e+00
8.012419303825607e+01 -1.296560428877325e+01 1.430022921140749e+00
8.021472884959874e+01 -1.283460226791682e+01 1.462329229394662e+00
8.030526466094142e+01 -1.270111262720133e+01 1.484880066183844e+00
8.039580047228409e+01 -1.256604065687741e+01 1.497233577381716e+00
8.048633628362677e+01 -1.243031883594689e+01 1.499234764156625e+00
8.057687209496945e+01 -1.229488015152353e+01 1.491027652302555e+00
8.066740790631212e+01 -1.216063128476849e+01 1.473046012089876e+00
8.075794371765480e+01 -1.202842757871853e+01 1.445983678915616e+00
8.084847952899747e+01 -1.189905148838369e+01 1.410748092859479e+00
8.093901534034015e+01 -1.177319579483529e+01 1.368402536318978e+00
8.102955115168282e+01 -1.165145232243572e+01 1.320103395412200e+00
8.112008696302550e+01 -1.153430632765091e+01 1.267038561249462e+00
8.121062277436818e+01 -1.142213621714327e+01 1.210372021089251e+00
8.130115858571085e+01 -1.131521786459064e+01 1.151198113256921e+00
8.139169439705353e+01 -1.121373255888521e+01 1.090507209347634e+00
8.148223020839620e+01 -1.111777752844436e+01 1.029163051349806e+00
8.157276601973888e+01 -1.102737802193090e+01 9.678908002695897e-01
8.166330183108155e+01 -1.094250004780365e+01 9.072741138544249e-01
8.175383764242423e+01 -1.086306304540641e+01 8.477592352510754e-01
8.184437345376691e+01 -1.078895194583577e+01 7.896640565951194e-01
8.193490926510958e+01 -1.072002825753262e+01 7.331903168850034e-01
8.202544507645226e+01 -1.065613996466899e+01 6.784374041682956e-01
8.211598088779493e+01 -1.059713014918034e+01 6.254165810124780e-01
8.220651669913761e+01 -1.054284433880959e+01 5.740647872179263e-01
8.229705251048028e+01 -1.049313664654283e+01 5.242574650493899e-01
8.238758832182296e+01 -1.044787480595045e+01 4.758200875402080e-01
8.247812413316564e+01 -1.040694422737645e+01 4.285382489128650e-01
8.256865994450831e+01 -1.037025120654992e+01 3.821663038170484e-01
8.265919575585099e+01 -1.033772541423217e+01 3.364346279244613e-01
8.274973156719366e+01 -1.030932178630760e+01 2.910556261236493e-01
8.284026737853634e+01 -1.028502192076928e+01 2.457286451337617e-01
8.293080318987901e+01 -1.026483507307593e+01 2.001439625098744e-01
8.302133900122169e+01 -1.024879882546725e+01 1.539860299958140e-01
8.311187481256437e+01 -1.023697948961917e+01 1.069361508919938e-01
8.320241062390704e+01 -1.022947228570797e+01 5.867477230669301e-02
8.329294643524972e+01 -1.022640132444296e+01 8.883576709285988e-03
8.338348224659239e+01 -1.022791940160717e+01 -4.275243473837528e-02
8.347401805793507e+01 -1.023420759662946e+01 -9.654266044723291e-02
8.356455386927774e+01 -1.024547464709778e+01 -1.527881903640050e-01
8.365508968062042e+01 -1.026195604924369e+01 -2.117784149581439e-01
8.374562549196310e+01 -1.028391280962060e+01 -2.737866588385446e-01
8.383616130330577e+01 -1.031162974490931e+01 -3.390645059128481e-01
8.392669711464845e+01 -1.034541319473231e+01 -4.078344414751862e-01
8.401723292599112e+01 -1.038558797677044e+01 -4.802804015979221e-01
8.410776873733380e+01 -1.043249337544216e+01 -5.565358036195064e-01
8.419830454867648e+01 -1.048647791735694e+01 -6.366686513827619e-01
8.428884036001915e+01 -1.054789265308883e+01 -7.206633907780136e-01
8.437937617136183e+01 -1.061708264262275e+01 -8.083993690200340e-01
8.446991198270450e+01 -1.069437634161760e+01 -8.996260662018307e-01
8.456044779404718e+01 -1.078007262183594e+01 -9.939357641111155e-01
8.465098360538985e+01 -1.087442524989772e+01 -1.090735031724670e+00
8.474151941673253e+01 -1.097762481444013e+01 -1.189217350086975e+00
8.483205522807521e+01 -1.108977835212978e+01 -1.288340328922298e+00
8.492259103941788e+01 -1.121088728954437e+01 -1.386812152967907e+00
8.501312685076056e+01 -1.134082478545215e+01 -1.483092887364180e+00
8.510366266210323e+01 -1.147931409256091e+01 -1.575416687523549e+00
8.519419847344591e+01 -1.162591008626722e+01 -1.661840326588064e+00
8.528473428478858e+01 -1.177998651421223e+01 -1.740321323264866e+00
8.537527009613126e+01 -1.194073165608956e+01 -1.808825098477262e+00
8.546580590747394e+01 -1.210715479857299e+01 -1.865455251427842e+00
8.555634171881661e+01 -1.227810512609287e+01 -1.908595110193644e+00
8.564687753015929e+01 -1.245230331437388e+01 -1.937043674681368e+00
8.573741334150196e+01 -1.262838445074316e+01 -1.950126675749335e+00
8.582794915284464e+01 -1.280494919933673e+01 -1.947765071848539e+00
8.591848496418731e+01 -1.298061876424020e+01 -1.930489164072002e+00
8.600902077552999e+01 -1.315408852376977e+01 -1.899395483284407e+00
8.609955658687267e+01 -1.332417539849508e+01 -1.856053391308839e+00
8.619009239821534e+01 -1.348985502810540e+01 -1.802376324629904e+00
8.628062820955802e+01 -1.365028640839575e+01 -1.740476850378903e+00
8.637116402090069e+01 -1.380482340161947e+01 -1.672524587815174e+00
8.646169983224337e+01 -1.395301411172698e+01 -1.600622324366812e+00
8.655223564358604e+01 -1.409459025274633e+01 -1.526709925310338e+00
8.664277145492872e+01 -1.422944923236023e+01 -1.452499639116490e+00
8.673330726627140e+01 -1.435763176336541e+01 -1.379441447109280e+00
8.682384307761407e+01 -1.447929753193692e+01 -1.308713840362697e+00
8.691437888895675e+01 -1.459470095183401e+01 -1.241233866920221e+00
8.700491470029942e+01 -1.470416846041002e+01 -1.177680132586042e+00
8.709545051164210e+01 -1.480807826859715e+01 -1.118523168735349e+00
8.718598632298477e+01 -1.490684302201190e+01 -1.064058740729922e+00
8.727652213432745e+01 -1.500089548632370e+01 -1.014440917125933e+00
8.736705794567013e+01 -1.509067713443379e+01 -9.697128435067771e-01
8.745759375701280e+01 -1.517662936957502e+01 -9.298340683586142e-01
8.754812956835548e+01 -1.525918704588845e+01 -8.947039318033785e-01
8.763866537969815e+01 -1.533877392545253e+01 -8.641809746973969e-01
8.772920119104083e+01 -1.541579972035785e+01 -8.380985977927523e-01
8.781973700238350e+01 -1.549065839650158e+01 -8.162773436455496e-01
8.791027281372618e+01 -1.556372745250168e+01 -7.985342280036771e-01
8.800080862506886e+01 -1.563536792596725e+01 -7.846895446157975e-01
8.809134443641153e+01 -1.570592491629633e+01 -7.745715314730438e-01
8.818188024775421e+01 -1.577572844599725e+01 -7.680192338725682e-01
8.827241605909688e+01 -1.584509451026052e+01 -7.648838411799169e-01
8.836295187043956e+01 -1.591432618694040e+01 -7.650287165024313e-01
8.845348768178224e+01 -1.598371469651443e+01 -7.683282856837390e-01
8.854402349312491e+01 -1.605354031453072e+01 -7.746659064344013e-01
8.863455930446759e+01 -1.612407304824913e+01 -7.839308014795112e-01
8.872509511581026e+01 -1.619557299546944e+01 -7.960141124474236e-01
8.881563092715294e+01 -1.626829030785366e+01 -8.108041149994536e-01
8.890616673849561e+01 -1.634246468444111e+01 -8.281806318266652e-01
8.899670254983829e+01 -1.641832432472131e+01 -8.480086903894372e-01
8.908723836118097e+01 -1.649608427594001e+01 -8.701314987214489e-01
8.917777417252364e+01 -1.657594411783353e+01 -8.943628574097151e-01
8.926830998386632e+01 -1.665808494146202e+01 -9.204791907779267e-01
8.935884579520899e+01 -1.674266559910874e+01 -9.482114660580110e-01
8.944938160655167e+01 -1.682981823117746e+01 -9.772373746020110e-01
8.953991741789434e+01 -1.691964311523923e+01 -1.007174269340628e+00
8.963045322923702e+01 -1.701220293282226e+01 -1.037573478449825e+00
8.972098904057970e+01 -1.710751661107134e+01 -1.067916731359050e+00
8.981152485192237e+01 -1.720555296722498e+01 -1.097615518108638e+00
8.990206066326505e+01 -1.730622445992269e+01 -1.126014228996400e+00
8.999259647460772e+01 -1.740938142593151e+01 -1.152397857434075e+00
9.008313228595040e+01 -1.751480724446133e+01 -1.176004865680001e+00
9.017366809729307e+01 -1.762221491202386e+01 -1.196045490762757e+00
9.026420390863575e+01 -1.773124551596156e+01 -1.211725305441520e+00
9.035473971997843e+01 -1.784146905262281e+01 -1.222273273312837e+00
9.044527553132110e+01 -1.795238793889579e+01 -1.226972908238166e+00
9.053581134266378e+01 -1.806344341254688e+01 -1.225194557372577e+00
9.062634715400645e+01 -1.817402481590297e+01 -1.216426384518319e+00
9.071688296534913e+01 -1.828348152728232e+01 -1.200301443588478e+00
9.080741877669180e+01 -1.839113707215621e+01 -1.176618377061640e+00
9.089795458803448e+01 -1.849630474277614e+01 -1.145353771306501e+00
9.098849039937716e+01 -1.859830391103367e+01 -1.106664998739861e+00
9.107902621071983e+01 -1.869647615702402e+01 -1.060883358853110e+00
9.116956202206251e+01 -1.879020036479081e+01 -1.008498336742289e+00
9.126009783340518e+01 -1.887890605168947e+01 -9.501346641902666e-01
9.135063364474786e+01 -1.896208437970335e+01 -8.865244632630058e-01
9.144116945609053e+01 -1.903929651760868e+01 -8.184770058605034e-01
9.153170526743321e+01 -1.911017925071633e+01 -7.468485355829283e-01
9.162224107877589e+01 -1.917444794160308e+01 -6.725142324820086e-01
9.171277689011856e+01 -1.923189710987559e+01 -5.963438562831932e-01
9.180331270146124e+01 -1.928239901034252e+01 -5.191819890000672e-01
9.189384851280391e+01 -1.932590064521266e+01 -4.418332094535342e-01
9.198438432414659e+01 -1.936241965277923e+01 -3.650520380006417e-01
9.207492013548926e+01 -1.939203948287926e+01 -2.895371254651083e-01
9.216545594683194e+01 -1.941490421049990e+01 -2.159289330109944e-01
9.225599175817462e+01 -1.943121326517583e+01 -1.448100463116980e-01
9.234652756951729e+01 -1.944121627544012e+01 -7.670726344335328e-02
9.243706338085997e+01 -1.944520815230865e+01 -1.209466370333314e-02
9.252759919220264e+01 -1.944352446888731e+01 4.860302178059915e-02
9.261813500354532e+01 -1.943653713785381e+01 1.050072782849494e-01
9.270867081488799e+01 -1.942465034628328e+01 1.567833074775129e-01
9.279920662623067e+01 -1.940829667837404e+01 2.036384059055359e-01
9.288974243757335e+01 -1.938793334059569e+01 2.453213313792903e-01
9.298027824891602e+01 -1.936403839958889e+01 2.816226431305444e-01
9.307081406025870e+01 -1.933710694935986e+01 3.123758958531859e-01
9.316134987160137e+01 -1.930764713917021e+01 3.374594830917487e-01
9.325188568294405e+01 -1.927617601497153e+01 3.567988649331014e-01
9.334242149428673e+01 -1.924321515297767e+01 3.703688809066239e-01
9.343295730562940e+01 -1.920928609154747e+01 3.781958425364764e-01
9.352349311697208e+01 -1.917490559448291e+01 3.803591204682072e-01
9.361402892831475e+01 -1.914058080280524e+01 3.769919856796640e-01
9.370456473965743e+01 -1.910680435108416e+01 3.682815278914666e-01
9.379510055100010e+01 -1.907404953704759e+01 3.544675499023145e-01
9.388563636234278e+01 -1.904276563877042e+01 3.358404159892754e-01
9.397617217368546e+01 -1.901337347226657e+01 3.127379073559653e-01
9.406670798502813e+01 -1.898626127455437e+01 2.855412004215396e-01
9.415724379637081e+01 -1.896178098458683e+01 2.546701289403441e-01
9.424777960771348e+01 -1.894024497859231e+01 2.205779154797151e-01
9.433831541905616e+01 -1.892192329925794e+01 1.837455613872133e-01
9.442885123039883e+01 -1.890704140161921e+01 1.446760693557980e-01
9.451938704174151e+01 -1.889577842399409e+01 1.038886433921732e-01
9.460992285308419e+01 -1.888826598086679e+01 6.191297303005640e-02
9.470045866442686e+01 -1.888458746679192e+01 1.928366806376216e-02
9.479099447576954e+01 -1.888477785612826e+01 -2.346512737594106e-02
9.488153028711221e+01 -1.888882398221574e+01 -6.580494217726900e-02
9.497206609845489e+01 -1.889666528060540e+01 -1.072180262078804e-01
9.506260190979756e+01 -1.890819498303692e+01 -1.472022635687584e-01
9.515313772114024e+01 -1.892326175085405e+01 -1.852759684789616e-01
9.524367353248292e+01 -1.894167173735190e+01 -2.209825625535487e-01
9.533420934382559e+01 -1.896319106727400e+01 -2.538951054834567e-01
9.542474515516827e+01 -1.898754871776182e+01 -2.836206203118388e-01
9.551528096651094e+01 -1.901443977834735e+01 -3.098041243785256e-01
9.560581677785362e+01 -1.904352905835680e+01 -3.321322524345896e-01
9.569635258919629e+01 -1.907445499906635e+01 -3.503363438047263e-01
9.578688840053897e+01 -1.910683383618122e+01 -3.641948641437202e-01
9.587742421188165e+01 -1.914026394699624e+01 -3.735350461023556e-01
9.596796002322432e+01 -1.917433030731781e+01 -3.782336620278642e-01
9.605849583456700e+01 -1.920860897716994e+01 -3.782168836594142e-01
9.614903164590967e+01 -1.924267153248923e+01 -3.734592348636439e-01
9.623956745725235e+01 -1.927608936305257e+01 -3.639816987140321e-01
9.633010326859502e+01 -1.930843776489672e+01 -3.498490939456171e-01
9.642063907993770e+01 -1.933929976808689e+01 -3.311668824371486e-01
9.651117489128038e+01 -1.936826965700567e+01 -3.080776041585805e-01
9.660171070262305e+01 -1.939495615912929e+01 -2.807571556474263e-01
9.669224651396573e+01 -1.941898529807753e+01 -2.494111309213637e-01
9.678278232530840e+01 -1.944000292603715e+01 -2.142714298976574e-01
9.687331813665108e+01 -1.945767696802106e+01 -1.755933104605125e-01
9.696385394799375e+01 -1.947169942458156e+01 -1.336530189566543e-01
9.705438975933643e+01 -1.948178818956733e+01 -8.874608335305158e-02
9.714492557067911e+01 -1.948768874461985e+01 -4.118629693005509e-02
9.723546138202178e+01 -1.948917579196584e+01 8.694638638474077e-03
9.732599719336446e+01 -1.948605488156485e+01 6.054690088953220e-02
9.741653300470713e+01 -1.947816407793409e+01 1.140019113817958e-01
9.750706881604981e+01 -1.946537569631821e+01 1.686714760548792e-01
9.759760462739249e+01 -1.944759811781851e+01 2.241469444469935e-01
9.768814043873516e+01 -1.942477766937725e+01 2.799986665972573e-01
9.777867625007784e+01 -1.939690052812617e+01 3.357760492895152e-01
9.786921206142051e+01 -1.936399458187529e+01 3.910085194749570e-01
9.795974787276319e+01 -1.932613115014951e+01 4.452076877099646e-01
9.805028368410586e+01 -1.928342644530339e+01 4.978709636695263e-01
9.814081949544854e+01 -1.923604263337462e+01 5.484868054656312e-01
9.823135530679122e+01 -1.918418834224901e+01 5.965416828532182e-01
9.832189111813389e+01 -1.912811846319736e+01 6.415287030745804e-01
9.841242692947657e+01 -1.906813310334864e+01 6.829576933597278e-01
9.850296274081924e+01 -1.900457557281621e+01 7.203663676580382e-01
9.859349855216192e+01 -1.893782933132324e+01 7.533320439620143e-01
9.868403436350459e+01 -1.886831387388801e+01 7.814832433557951e-01
9.877457017484727e+01 -1.879647960008272e+01 8.045104144966754e-01
9.886510598618995e+01 -1.872280178134467e+01 8.221750066737906e-01
9.895564179753262e+01 -1.864777380912586e+01 8.343161730036160e-01
9.904617760887530e+01 -1.857189996600263e+01 8.408545243717521e-01
9.913671342021797e+01 -1.849568800531837e+01 8.417925637806517e-01
9.922724923156065e+01 -1.841964184709028e+01 8.372116875245958e-01
9.931778504290332e+01 -1.834425469580258e+01 8.272659133812020e-01
9.940832085424600e+01 -1.827000285932343e+01 8.121727529106189e-01
9.949885666558868e+01 -1.819734050049725e+01 7.922018539987066e-01
9.958939247693135e+01 -1.812669548941678e+01 7.676621782420310e-01
9.967992828827403e+01 -1.805846645195453e+01 7.388885346388793e-01
9.977046409961670e+01 -1.799302103624124e+01 7.062282678692425e-01
9.986099991095938e+01 -1.793069535017331e+01 6.700288086278348e-01
9.995153572230205e+01 -1.787179446498331e+01 6.306266547637835e-01

