# omega0=1, alpha=3
# theta0=3.14159, theta_dot0=0
# t_start=0, t_end=50, h=0.00911928
#   t          x(t)                 v(t)       
0  3.141590000000000e+00  0.000000000000000e+00
9.119282013323059e-02 3.141589989900318e+00 -2.120030822664156e-07
1.823856402664613e-01 3.141589962824649e+00 -3.748073042073437e-07
2.735784603996920e-01 3.141589922639020e+00 -5.013735987205433e-07
3.647712805329227e-01 3.141589872188691e+00 -6.012968990660472e-07
4.559641006661534e-01 3.141589813563179e+00 -6.816816391271155e-07
5.471569207993838e-01 3.141589748292363e+00 -7.477895725068633e-07
6.383497409326140e-01 3.141589677491566e+00 -8.035191219504090e-07
7.295425610658441e-01 3.141589601968900e+00 -8.517600720443668e-07
8.207353811990743e-01 3.141589522304681e+00 -8.946560233361832e-07
9.119282013323045e-01 3.141589438910173e+00 -9.337985963597426e-07
1.003121021465535e+00 3.141589352071046e+00 -9.703711345934257e-07
1.094313841598765e+00 3.141589261979519e+00 -1.005255039914435e-06
1.185506661731995e+00 3.141589168758121e+00 -1.039108458722793e-06
1.276699481865225e+00 3.141589072477271e+00 -1.072424509170429e-06
1.367892301998455e+00 3.141588973168253e+00 -1.105574370623139e-06
1.459085122131685e+00 3.141588870832821e+00 -1.138839171649478e-06
1.550277942264916e+00 3.141588765450272e+00 -1.172433590291533e-06
1.641470762398146e+00 3.141588656982677e+00 -1.206523321750097e-06
1.732663582531376e+00 3.141588545378720e+00 -1.241238008673274e-06
1.823856402664606e+00 3.141588430576535e+00 -1.276680814264912e-06
1.915049222797836e+00 3.141588312505779e+00 -1.312935510968284e-06
2.006242042931067e+00 3.141588191089145e+00 -1.350071731568553e-06
2.097434863064297e+00 3.141588066243473e+00 -1.388148860551840e-06
2.188627683197527e+00 3.141587937880539e+00 -1.427218919220544e-06
2.279820503330757e+00 3.141587805907628e+00 -1.467328706866705e-06
2.371013323463987e+00 3.141587670227934e+00 -1.508521391383487e-06
2.462206143597217e+00 3.141587530740831e+00 -1.550837692742668e-06
2.553398963730448e+00 3.141587387342061e+00 -1.594316765336435e-06
2.644591783863678e+00 3.141587239923838e+00 -1.638996857682786e-06
2.735784603996908e+00 3.141587088374912e+00 -1.684915807825191e-06
2.826977424130138e+00 3.141586932580583e+00 -1.732111417029358e-06
2.918170244263368e+00 3.141586772422698e+00 -1.780621733815283e-06
3.009363064396598e+00 3.141586607779614e+00 -1.830485271822201e-06
3.100555884529828e+00 3.141586438526145e+00 -1.881741178756788e-06
3.191748704663059e+00 3.141586264533506e+00 -1.934429369766042e-06
3.282941524796289e+00 3.141586085669229e+00 -1.988590634382714e-06
3.374134344929519e+00 3.141585901797084e+00 -2.044266724107425e-06
3.465327165062749e+00 3.141585712776987e+00 -2.101500426212716e-06
3.556519985195979e+00 3.141585518464904e+00 -2.160335627339072e-06
3.647712805329209e+00 3.141585318712741e+00 -2.220817369933349e-06
3.738905625462440e+00 3.141585113368250e+00 -2.282991903462690e-06
3.830098445595670e+00 3.141584902274902e+00 -2.346906732281371e-06
3.921291265728900e+00 3.141584685271780e+00 -2.412610661197504e-06
4.012484085862130e+00 3.141584462193454e+00 -2.480153839401310e-06
4.103676905995361e+00 3.141584232869859e+00 -2.549587803937865e-06
4.194869726128591e+00 3.141583997126165e+00 -2.620965522716767e-06
4.286062546261821e+00 3.141583754782645e+00 -2.694341437594543e-06
4.377255366395051e+00 3.141583505654537e+00 -2.769771508014734e-06
4.468448186528281e+00 3.141583249551907e+00 -2.847313255264391e-06
4.559641006661511e+00 3.141582986279500e+00 -2.927025807383097e-06
4.650833826794742e+00 3.141582715636597e+00 -3.008969945119424e-06
4.742026646927972e+00 3.141582437416858e+00 -3.093208148795157e-06
4.833219467061202e+00 3.141582151408164e+00 -3.179804646438141e-06
4.924412287194432e+00 3.141581857392460e+00 -3.268825463182713e-06
5.015605107327662e+00 3.141581555145585e+00 -3.360338471732149e-06
5.106797927460892e+00 3.141581244437101e+00 -3.454413444373793e-06
5.197990747594122e+00 3.141580925030121e+00 -3.551122106283837e-06
5.289183567727353e+00 3.141580596681126e+00 -3.650538190257597e-06
5.380376387860583e+00 3.141580259139776e+00 -3.752737493106486e-06
5.471569207993813e+00 3.141579912148726e+00 -3.857797933468186e-06
5.562762028127043e+00 3.141579555443425e+00 -3.965799611223880e-06
5.653954848260273e+00 3.141579188751917e+00 -4.076824868585316e-06
5.745147668393503e+00 3.141578811794631e+00 -4.190958352903525e-06
5.836340488526734e+00 3.141578424284170e+00 -4.308287081239485e-06
5.927533308659964e+00 3.141578025925089e+00 -4.428900506729050e-06
6.018726128793194e+00 3.141577616413675e+00 -4.552890586854527e-06
6.109918948926424e+00 3.141577195437711e+00 -4.680351853346071e-06
6.201111769059654e+00 3.141576762676238e+00 -4.811381484507214e-06
6.292304589192884e+00 3.141576317799315e+00 -4.946079379106493e-06
6.383497409326115e+00 3.141575860467758e+00 -5.084548232748752e-06
6.474690229459345e+00 3.141575390332895e+00 -5.226893615984412e-06
6.565883049592575e+00 3.141574907036288e+00 -5.373224054868874e-06
6.657075869725805e+00 3.141574410209462e+00 -5.523651113767718e-06
6.748268689859035e+00 3.141573899473633e+00 -5.678289480411222e-06
6.839461509992265e+00 3.141573374439406e+00 -5.837257053201141e-06
6.930654330125495e+00 3.141572834706489e+00 -6.000675031220498e-06
7.021847150258726e+00 3.141572279863383e+00 -6.168668006591432e-06
7.113039970391956e+00 3.141571709487067e+00 -6.341364059435633e-06
7.204232790525186e+00 3.141571123142678e+00 -6.518894855620834e-06
7.295425610658416e+00 3.141570520383179e+00 -6.701395747097204e-06
7.386618430791646e+00 3.141569900749019e+00 -6.889005875113112e-06
7.477811250924876e+00 3.141569263767780e+00 -7.081868276132268e-06
7.569004071058107e+00 3.141568608953817e+00 -7.280129991105902e-06
7.660196891191337e+00 3.141567935807893e+00 -7.483942177537538e-06
7.751389711324567e+00 3.141567243816791e+00 -7.693460224593578e-06
7.842582531457797e+00 3.141566532452928e+00 -7.908843871775136e-06
7.933775351591027e+00 3.141565801173951e+00 -8.130257330525825e-06
8.024968171724257e+00 3.141565049422321e+00 -8.357869409489817e-06
8.116160991857488e+00 3.141564276624894e+00 -8.591853643315082e-06
8.207353811990718e+00 3.141563482192478e+00 -8.832388424753063e-06
8.298546632123948e+00 3.141562665519385e+00 -9.079657140888240e-06
8.389739452257178e+00 3.141561825982976e+00 -9.333848312759348e-06
8.480932272390408e+00 3.141560962943173e+00 -9.595155739204101e-06
8.572125092523638e+00 3.141560075741985e+00 -9.863778644632192e-06
8.663317912656868e+00 3.141559163702996e+00 -1.013992183084316e-05
8.754510732790099e+00 3.141558226130857e+00 -1.042379583320842e-05
8.845703552923329e+00 3.141557262310748e+00 -1.071561708118782e-05
8.936896373056559e+00 3.141556271507840e+00 -1.101560806328071e-05
9.028089193189789e+00 3.141555252966732e+00 -1.132399749676678e-05
9.119282013323019e+00 3.141554205910873e+00 -1.164102050203582e-05
9.210474833456249e+00 3.141553129541974e+00 -1.196691878176158e-05
9.301667653589480e+00 3.141552023039397e+00 -1.230194080522251e-05
9.392860473722710e+00 3.141550885559527e+00 -1.264634199784208e-05
9.484053293855940e+00 3.141549716235135e+00 -1.300038493592316e-05
9.575246113989170e+00 3.141548514174713e+00 -1.336433954663568e-05
9.666438934122400e+00 3.141547278461791e+00 -1.373848331399790e-05
9.757631754255630e+00 3.141546008154247e+00 -1.412310149040516e-05
9.848824574388860e+00 3.141544702283581e+00 -1.451848731398375e-05
9.940017394522091e+00 3.141543359854178e+00 -1.492494223232822e-05
1.003121021465532e+01 3.141541979842550e+00 -1.534277613232151e-05
1.012240303478855e+01 3.141540561196559e+00 -1.577230757630004e-05
1.021359585492178e+01 3.141539102834611e+00 -1.621386404493201e-05
1.030478867505501e+01 3.141537603644828e+00 -1.666778218689951e-05
1.039598149518824e+01 3.141536062484210e+00 -1.713440807564621e-05
1.048717431532147e+01 3.141534478177752e+00 -1.761409747316635e-05
1.057836713545470e+01 3.141532849517559e+00 -1.810721610128649e-05
1.066955995558793e+01 3.141531175261916e+00 -1.861413992042453e-05
1.076075277572116e+01 3.141529454134349e+00 -1.913525541634044e-05
1.085194559585439e+01 3.141527684822646e+00 -1.967095989464512e-05
1.094313841598762e+01 3.141525865977860e+00 -2.022166178379305e-05
1.103433123612085e+01 3.141523996213278e+00 -2.078778094648384e-05
1.112552405625408e+01 3.141522074103367e+00 -2.136974899972899e-05
1.121671687638731e+01 3.141520098182681e+00 -2.196800964402754e-05
1.130790969652054e+01 3.141518066944753e+00 -2.258301900153876e-05
1.139910251665377e+01 3.141515978840940e+00 -2.321524596390109e-05
1.149029533678700e+01 3.141513832279242e+00 -2.386517254956364e-05
1.158148815692023e+01 3.141511625623090e+00 -2.453329427152739e-05
1.167268097705346e+01 3.141509357190100e+00 -2.522012051498193e-05
1.176387379718669e+01 3.141507025250787e+00 -2.592617492566658e-05
1.185506661731992e+01 3.141504628027249e+00 -2.665199580919963e-05
1.194625943745315e+01 3.141502163691809e+00 -2.739813654141967e-05
1.203745225758638e+01 3.141499630365624e+00 -2.816516599026895e-05
1.212864507771961e+01 3.141497026117250e+00 -2.895366894955566e-05
1.221983789785284e+01 3.141494348961174e+00 -2.976424658479506e-05
1.231103071798607e+01 3.141491596856294e+00 -3.059751689155361e-05
1.240222353811930e+01 3.141488767704369e+00 -3.145411516651759e-05
1.249341635825254e+01 3.141485859348413e+00 -3.233469449197485e-05
1.258460917838577e+01 3.141482869571056e+00 -3.323992623372841e-05
1.267580199851900e+01 3.141479796092851e+00 -3.417050055286370e-05
1.276699481865223e+01 3.141476636570534e+00 -3.512712693210752e-05
1.285818763878546e+01 3.141473388595244e+00 -3.611053471654162e-05
1.294938045891869e+01 3.141470049690680e+00 -3.712147366971067e-05
1.304057327905192e+01 3.141466617311214e+00 -3.816071454535112e-05
1.313176609918515e+01 3.141463088839953e+00 -3.922904967493764e-05
1.322295891931838e+01 3.141459461586741e+00 -4.032729357184932e-05
1.331415173945161e+01 3.141455732786111e+00 -4.145628355232693e-05
1.340534455958484e+01 3.141451899595174e+00 -4.261688037388563e-05
1.349653737971807e+01 3.141447959091453e+00 -4.380996889146038e-05
1.358773019985130e+01 3.141443908270653e+00 -4.503645873207037e-05
1.367892301998453e+01 3.141439744044373e+00 -4.629728498836956e-05
1.377011584011776e+01 3.141435463237750e+00 -4.759340893151692e-05
1.386130866025099e+01 3.141431062587037e+00 -4.892581874420388e-05
1.395250148038422e+01 3.141426538737119e+00 -5.029553027386222e-05
1.404369430051745e+01 3.141421888238949e+00 -5.170358780734365e-05
1.413488712065068e+01 3.141417107546924e+00 -5.315106486700471e-05
1.422607994078391e+01 3.141412193016178e+00 -5.463906502914597e-05
1.431727276091714e+01 3.141407140899807e+00 -5.616872276542489e-05
1.440846558105037e+01 3.141401947346006e+00 -5.774120430774931e-05
1.449965840118360e+01 3.141396608395139e+00 -5.935770853751862e-05
1.459085122131683e+01 3.141391119976717e+00 -6.101946789968196e-05
1.468204404145006e+01 3.141385477906294e+00 -6.272774934223591e-05
1.477323686158329e+01 3.141379677882278e+00 -6.448385528222536e-05
1.486442968171652e+01 3.141373715482650e+00 -6.628912459874414e-05
1.495562250184975e+01 3.141367586161596e+00 -6.814493365374433e-05
1.504681532198298e+01 3.141361285246038e+00 -7.005269734124964e-05
1.513800814211621e+01 3.141354807932070e+00 -7.201387016622177e-05
1.522920096224944e+01 3.141348149281301e+00 -7.402994735347191e-05
1.532039378238267e+01 3.141341304217083e+00 -7.610246598754854e-05
1.541158660251590e+01 3.141334267520645e+00 -7.823300618482824e-05
1.550277942264913e+01 3.141327033827113e+00 -8.042319229804965e-05
1.559397224278236e+01 3.141319597621421e+00 -8.267469415477473e-05
1.568516506291559e+01 3.141311953234103e+00 -8.498922833042897e-05
1.577635788304882e+01 3.141304094836974e+00 -8.736855945714606e-05
1.586755070318205e+01 3.141296016438684e+00 -8.981450156903715e-05
1.595874352331528e+01 3.141287711880153e+00 -9.232891948531860e-05
1.604993634344851e+01 3.141279174829870e+00 -9.491373023206376e-05
1.614112916358174e+01 3.141270398779072e+00 -9.757090450378649e-05
1.623232198371497e+01 3.141261377036779e+00 -1.003024681657691e-04
1.632351480384820e+01 3.141252102724690e+00 -1.031105037987311e-04
1.641470762398143e+01 3.141242568771944e+00 -1.059971522866170e-04
1.650590044411466e+01 3.141232767909724e+00 -1.089646144487961e-04
1.659709326424789e+01 3.141222692665720e+00 -1.120151527180282e-04
1.668828608438112e+01 3.141212335358428e+00 -1.151510928652188e-04
1.677947890451435e+01 3.141201688091299e+00 -1.183748257727467e-04
1.687067172464758e+01 3.141190742746708e+00 -1.216888092572817e-04
1.696186454478081e+01 3.141179490979776e+00 -1.250955699436698e-04
1.705305736491404e+01 3.141167924212004e+00 -1.285977051912111e-04
1.714425018504727e+01 3.141156033624731e+00 -1.321978850738864e-04
1.723544300518050e+01 3.141143810152411e+00 -1.358988544160723e-04
1.732663582531373e+01 3.141131244475706e+00 -1.397034348851718e-04
1.741782864544696e+01 3.141118327014371e+00 -1.436145271429059e-04
1.750902146558019e+01 3.141105047919961e+00 -1.476351130568372e-04
1.760021428571342e+01 3.141091397068314e+00 -1.517682579737388e-04
1.769140710584665e+01 3.141077364051835e+00 -1.560171130566641e-04
1.778259992597988e+01 3.141062938171566e+00 -1.603849176873741e-04
1.787379274611311e+01 3.141048108429020e+00 -1.648750019360227e-04
1.796498556624634e+01 3.141032863517804e+00 -1.694907891000327e-04
1.805617838637957e+01 3.141017191814990e+00 -1.742357983141327e-04
1.814737120651280e+01 3.141001081372264e+00 -1.791136472332683e-04
1.823856402664603e+01 3.140984519906808e+00 -1.841280547907374e-04
1.832975684677927e+01 3.140967494791940e+00 -1.892828440335172e-04
1.842094966691250e+01 3.140949993047486e+00 -1.945819450368919e-04
1.851214248704573e+01 3.140932001329884e+00 -2.000293979008295e-04
1.860333530717896e+01 3.140913505922008e+00 -2.056293558301632e-04
1.869452812731219e+01 3.140894492722714e+00 -2.113860883010467e-04
1.878572094744542e+01 3.140874947236088e+00 -2.173039843158077e-04
1.887691376757865e+01 3.140854854560393e+00 -2.233875557493077e-04
1.896810658771188e+01 3.140834199376711e+00 -2.296414407886914e-04
1.905929940784511e+01 3.140812965937256e+00 -2.360704074695352e-04
1.915049222797834e+01 3.140791138053378e+00 -2.426793573109759e-04
1.924168504811157e+01 3.140768699083213e+00 -2.494733290526717e-04
1.933287786824480e+01 3.140745631918999e+00 -2.564575024962035e-04
1.942407068837803e+01 3.140721918974032e+00 -2.636372024541368e-04
1.951526350851126e+01 3.140697542169256e+00 -2.710179028096864e-04
1.960645632864449e+01 3.140672482919481e+00 -2.786052306898529e-04
1.969764914877772e+01 3.140646722119216e+00 -2.864049707555492e-04
1.978884196891095e+01 3.140620240128099e+00 -2.944230696117126e-04
1.988003478904418e+01 3.140593016755923e+00 -3.026656403408774e-04
1.997122760917741e+01 3.140565031247244e+00 -3.111389671639070e-04
2.006242042931064e+01 3.140536262265562e+00 -3.198495102306841e-04
2.015361324944387e+01 3.140506687877044e+00 -3.288039105453135e-04
2.024480606957710e+01 3.140476285533810e+00 -3.380089950291324e-04
2.033599888971033e+01 3.140445032056738e+00 -3.474717817253749e-04
2.042719170984356e+01 3.140412903617796e+00 -3.571994851494895e-04
2.051838452997679e+01 3.140379875721870e+00 -3.671995217893084e-04
2.060957735011002e+01 3.140345923188093e+00 -3.774795157592447e-04
2.070077017024325e+01 3.140311020130647e+00 -3.880473046126002e-04
2.079196299037648e+01 3.140275139939028e+00 -3.989109453166492e-04
2.088315581050971e+01 3.140238255257755e+00 -4.100787203948324e-04
2.097434863064294e+01 3.140200337965517e+00 -4.215591442412702e-04
2.106554145077617e+01 3.140161359153733e+00 -4.333609696117126e-04
2.115673427090940e+01 3.140121289104513e+00 -4.454931942959905e-04
2.124792709104263e+01 3.140080097268001e+00 -4.579650679776801e-04
2.133911991117586e+01 3.140037752239083e+00 -4.707860992854473e-04
2.143031273130909e+01 3.139994221733445e+00 -4.839660630419467e-04
2.152150555144232e+01 3.139949472562958e+00 -4.975150077155774e-04
2.161269837157555e+01 3.139903470610377e+00 -5.114432630807319e-04
2.170389119170878e+01 3.139856180803334e+00 -5.257614480925025e-04
2.179508401184201e+01 3.139807567087594e+00 -5.404804789816823e-04
2.188627683197524e+01 3.139757592399570e+00 -5.556115775764287e-04
2.197746965210847e+01 3.139706218638068e+00 -5.711662798568725e-04
2.206866247224170e+01 3.139653406635235e+00 -5.871564447491320e-04
2.215985529237493e+01 3.139599116126705e+00 -6.035942631652279e-04
2.225104811250816e+01 3.139543305720898e+00 -6.204922672962721e-04
2.234224093264139e+01 3.139485932867463e+00 -6.378633401656328e-04
2.243343375277462e+01 3.139426953824842e+00 -6.557207254493920e-04
2.252462657290785e+01 3.139366323626923e+00 -6.740780375716471e-04
2.261581939304108e+01 3.139303996048757e+00 -6.929492720823763e-04
2.270701221317431e+01 3.139239923571319e+00 -7.123488163255752e-04
2.279820503330754e+01 3.139174057345283e+00 -7.322914604061284e-04
2.288939785344077e+01 3.139106347153778e+00 -7.527924084632137e-04
2.298059067357400e+01 3.139036741374108e+00 -7.738672902595888e-04
2.307178349370723e+01 3.138965186938399e+00 -7.955321730946589e-04
2.316297631384046e+01 3.138891629293136e+00 -8.178035740512465e-04
2.325416913397369e+01 3.138816012357581e+00 -8.406984725849108e-04
2.334536195410692e+01 3.138738278481020e+00 -8.642343234652885e-04
2.343655477424015e+01 3.138658368398811e+00 -8.884290700797088e-04
2.352774759437338e+01 3.138576221187207e+00 -9.133011581087908e-04
2.361894041450661e+01 3.138491774216913e+00 -9.388695495846956e-04
2.371013323463984e+01 3.138404963105339e+00 -9.651537373428082e-04
2.380132605477307e+01 3.138315721667524e+00 -9.921737598772580e-04
2.389251887490630e+01 3.138223981865683e+00 -1.019950216612156e-03
2.398371169503953e+01 3.138129673757338e+00 -1.048504283599917e-03
2.407490451517276e+01 3.138032725442004e+00 -1.077857729658642e-03
2.416609733530600e+01 3.137933063006380e+00 -1.108032932960824e-03
2.425729015543923e+01 3.137830610468005e+00 -1.139052898085827e-03
2.434848297557246e+01 3.137725289717340e+00 -1.170941273549058e-03
2.443967579570569e+01 3.137617020458228e+00 -1.203722369821628e-03
2.453086861583892e+01 3.137505720146685e+00 -1.237421177853344e-03
2.462206143597215e+01 3.137391303927985e+00 -1.272063388113799e-03
2.471325425610538e+01 3.137273684571978e+00 -1.307675410165637e-03
2.480444707623861e+01 3.137152772406597e+00 -1.344284392785053e-03
2.489563989637184e+01 3.137028475249519e+00 -1.381918244644269e-03
2.498683271650507e+01 3.136900698337891e+00 -1.420605655572282e-03
2.507802553663830e+01 3.136769344256111e+00 -1.460376118409505e-03
2.516921835677153e+01 3.136634312861574e+00 -1.501259951473175e-03
2.526041117690476e+01 3.136495501208350e+00 -1.543288321650222e-03
2.535160399703799e+01 3.136352803468720e+00 -1.586493268135233e-03
2.544279681717122e+01 3.136206110852521e+00 -1.630907726831439e-03
2.553398963730445e+01 3.136055311524237e+00 -1.676565555433079e-03
2.562518245743768e+01 3.135900290517766e+00 -1.723501559207909e-03
2.571637527757091e+01 3.135740929648803e+00 -1.771751517499886e-03
2.580756809770414e+01 3.135577107424779e+00 -1.821352210971183e-03
2.589876091783737e+01 3.135408698952276e+00 -1.872341449604691e-03
2.598995373797060e+01 3.135235575841851e+00 -1.924758101487844e-03
2.608114655810383e+01 3.135057606110205e+00 -1.978642122399447e-03
2.617233937823706e+01 3.134874654079610e+00 -2.034034586221727e-03
2.626353219837029e+01 3.134686580274531e+00 -2.090977716200497e-03
2.635472501850352e+01 3.134493241315348e+00 -2.149514917076683e-03
2.644591783863675e+01 3.134294489809123e+00 -2.209690808113599e-03
2.653711065876998e+01 3.134090174237292e+00 -2.271551257044535e-03
2.662830347890321e+01 3.133880138840237e+00 -2.335143414966201e-03
2.671949629903644e+01 3.133664223498623e+00 -2.400515752203835e-03
2.681068911916967e+01 3.133442263611420e+00 -2.467718095174899e-03
2.690188193930290e+01 3.133214089970517e+00 -2.536801664278898e-03
2.699307475943613e+01 3.132979528631837e+00 -2.607819112841560e-03
2.708426757956936e+01 3.132738400782841e+00 -2.680824567142122e-03
2.717546039970259e+01 3.132490522606344e+00 -2.755873667553612e-03
2.726665321983582e+01 3.132235705140517e+00 -2.833023610826634e-03
2.735784603996905e+01 3.131973754134989e+00 -2.912333193547979e-03
2.744903886010228e+01 3.131704469902921e+00 -2.993862856805763e-03
2.754023168023551e+01 3.131427647168957e+00 -3.077674732094798e-03
2.763142450036874e+01 3.131143074912934e+00 -3.163832688495321e-03
2.772261732050197e+01 3.130850536209218e+00 -3.252402381160072e-03
2.781381014063520e+01 3.130549808061576e+00 -3.343451301145025e-03
2.790500296076843e+01 3.130240661233417e+00 -3.437048826620496e-03
2.799619578090166e+01 3.129922860073326e+00 -3.533266275499909e-03
2.808738860103489e+01 3.129596162335703e+00 -3.632176959524322e-03
2.817858142116812e+01 3.129260318996435e+00 -3.733856239842259e-03
2.826977424130135e+01 3.128915074063399e+00 -3.838381584124645e-03
2.836096706143458e+01 3.128560164381700e+00 -3.945832625256678e-03
2.845215988156781e+01 3.128195319433492e+00 -4.056291221648214e-03
2.854335270170104e+01 3.127820261132200e+00 -4.169841519206170e-03
2.863454552183427e+01 3.127434703611030e+00 -4.286570015013426e-03
2.872573834196750e+01 3.127038353005597e+00 -4.406565622758924e-03
2.881693116210073e+01 3.126630907230485e+00 -4.529919739965836e-03
2.890812398223396e+01 3.126212055749609e+00 -4.656726317064998e-03
2.899931680236719e+01 3.125781479340188e+00 -4.787081928362167e-03
2.909050962250042e+01 3.125338849850156e+00 -4.921085844948539e-03
2.918170244263365e+01 3.124883829948832e+00 -5.058840109605198e-03
2.927289526276688e+01 3.124416072870673e+00 -5.200449613753456e-03
2.936408808290011e+01 3.123935222151907e+00 -5.346022176503746e-03
2.945528090303334e+01 3.123440911359864e+00 -5.495668625856921e-03
2.954647372316657e+01 3.122932763814800e+00 -5.649502882113440e-03
2.963766654329980e+01 3.122410392304017e+00 -5.807642043545857e-03
2.972885936343303e+01 3.121873398788051e+00 -5.970206474392714e-03
2.982005218356626e+01 3.121321374098748e+00 -6.137319895231182e-03
2.991124500369950e+01 3.120753897628968e+00 -6.309109475788677e-03
3.000243782383273e+01 3.120170537013723e+00 -6.485705930253323e-03
3.009363064396596e+01 3.119570847802510e+00 -6.667243615144557e-03
3.018482346409919e+01 3.118954373122591e+00 -6.853860629806465e-03
3.027601628423242e+01 3.118320643332984e+00 -7.045698919587407e-03
3.036720910436565e+01 3.117669175668936e+00 -7.242904381769832e-03
3.045840192449888e+01 3.116999473876595e+00 -7.445626974314988e-03
3.054959474463211e+01 3.116311027837634e+00 -7.654020827489236e-03
3.064078756476534e+01 3.115603313183571e+00 -7.868244358437819e-03
3.073198038489857e+01 3.114875790899494e+00 -8.088460388773902e-03
3.082317320503180e+01 3.114127906916926e+00 -8.314836265250229e-03
3.091436602516503e+01 3.113359091695548e+00 -8.547543983581792e-03
3.100555884529826e+01 3.112568759793472e+00 -8.786760315488445e-03
3.109675166543149e+01 3.111756309425794e+00 -9.032666939025803e-03
3.118794448556472e+01 3.110921122011094e+00 -9.285450572274083e-03
3.127913730569795e+01 3.110062561705603e+00 -9.545303110453037e-03
3.137033012583118e+01 3.109179974924697e+00 -9.812421766532320e-03
3.146152294596441e+01 3.108272689851409e+00 -1.008700921540520e-02
3.155271576609764e+01 3.107340015931630e+00 -1.036927374169351e-02
3.164390858623087e+01 3.106381243355665e+00 -1.065942939125035e-02
3.173510140636410e+01 3.105395642525797e+00 -1.095769612642630e-02
3.182629422649733e+01 3.104382463509519e+00 -1.126429998516362e-02
3.191748704663056e+01 3.103340935478086e+00 -1.157947324398061e-02
3.200867986676379e+01 3.102270266130015e+00 -1.190345458490663e-02
3.209987268689702e+01 3.101169641099190e+00 -1.223648926642606e-02
3.219106550703025e+01 3.100038223347182e+00 -1.257882929848575e-02
3.228225832716348e+01 3.098875152539433e+00 -1.293073362161850e-02
3.237345114729671e+01 3.097679544404910e+00 -1.329246829022927e-02
3.246464396742994e+01 3.096450490078853e+00 -1.366430666008852e-02
3.255583678756317e+01 3.095187055428234e+00 -1.404652958007093e-02
3.264702960769640e+01 3.093888280359530e+00 -1.443942558817174e-02
3.273822242782963e+01 3.092553178108438e+00 -1.484329111182741e-02
3.282941524796286e+01 3.091180734511107e+00 -1.525843067255933e-02
3.292060806809609e+01 3.089769907256529e+00 -1.568515709495137e-02
3.301180088822932e+01 3.088319625119656e+00 -1.612379171996340e-02
3.310299370836255e+01 3.086828787174886e+00 -1.657466462257203e-02
3.319418652849578e+01 3.085296261989492e+00 -1.703811483371882e-02
3.328537934862901e+01 3.083720886796619e+00 -1.751449056653423e-02
3.337657216876224e+01 3.082101466647457e+00 -1.800414944679074e-02
3.346776498889547e+01 3.080436773542217e+00 -1.850745874752378e-02
3.355895780902870e+01 3.078725545539505e+00 -1.902479562774221e-02
3.365015062916194e+01 3.076966485843763e+00 -1.955654737513078e-02
3.374134344929517e+01 3.075158261870392e+00 -2.010311165262697e-02
3.383253626942840e+01 3.073299504288217e+00 -2.066489674873141e-02
3.392372908956163e+01 3.071388806038958e+00 -2.124232183138650e-02
3.401492190969486e+01 3.069424721333409e+00 -2.183581720523013e-02
3.410611472982809e+01 3.067405764623989e+00 -2.244582457200113e-02
3.419730754996132e+01 3.065330409553429e+00 -2.307279729384103e-02
3.428850037009455e+01 3.063197087879324e+00 -2.371720065919904e-02
3.437969319022778e+01 3.061004188374319e+00 -2.437951215100955e-02
3.447088601036101e+01 3.058750055701767e+00 -2.506022171676640e-02
3.456207883049424e+01 3.056432989266674e+00 -2.575983204007222e-02
3.465327165062747e+01 3.054051242041835e+00 -2.647885881318997e-02
3.474446447076070e+01 3.051603019369093e+00 -2.721783101006599e-02
3.483565729089393e+01 3.049086477735694e+00 -2.797729115923451e-02
3.492685011102716e+01 3.046499723525795e+00 -2.875779561594611e-02
3.501804293116039e+01 3.043840811747206e+00 -2.955991483279024e-02
3.510923575129362e+01 3.041107744733567e+00 -3.038423362800282e-02
3.520042857142685e+01 3.038298470822180e+00 -3.123135145056479e-02
3.529162139156008e+01 3.035410883007865e+00 -3.210188264110377e-02
3.538281421169331e+01 3.032442817573247e+00 -3.299645668751064e-02
3.547400703182654e+01 3.029392052696018e+00 -3.391571847407222e-02
3.556519985195977e+01 3.026256307033831e+00 -3.486032852280359e-02
3.565639267209300e+01 3.023033238287594e+00 -3.583096322553359e-02
3.574758549222623e+01 3.019720441744074e+00 -3.682831506515898e-02
3.583877831235946e+01 3.016315448798895e+00 -3.785309282433055e-02
3.592997113249269e+01 3.012815725461145e+00 -3.890602177967240e-02
3.602116395262592e+01 3.009218670841002e+00 -3.998784387945926e-02
3.611235677275915e+01 3.005521615622007e+00 -4.109931790248634e-02
3.620354959289238e+01 3.001721820519798e+00 -4.224121959566073e-02
3.629474241302561e+01 2.997816474729367e+00 -4.341434178762316e-02
3.638593523315884e+01 2.993802694363151e+00 -4.461949447546990e-02
3.647712805329207e+01 2.989677520882577e+00 -4.585750488138890e-02
3.656832087342530e+01 2.985437919525928e+00 -4.712921747574818e-02
3.665951369355853e+01 2.981080777735790e+00 -4.843549396287911e-02
3.675070651369176e+01 2.976602903589638e+00 -4.977721322547904e-02
3.684189933382499e+01 2.972001024237548e+00 -5.115527122321845e-02
3.693309215395822e+01 2.967271784351433e+00 -5.257058084077223e-02
3.702428497409145e+01 2.962411744590623e+00 -5.402407168010624e-02
3.711547779422468e+01 2.957417380089151e+00 -5.551668979143320e-02
3.720667061435791e+01 2.952285078970594e+00 -5.704939733680907e-02
3.729786343449114e+01 2.947011140896906e+00 -5.862317217986846e-02
3.738905625462437e+01 2.941591775658297e+00 -6.023900739469534e-02
3.748024907475760e+01 2.936023101811881e+00 -6.189791068629147e-02
3.757144189489083e+01 2.930301145377487e+00 -6.360090371454183e-02
3.766263471502406e+01 2.924421838599873e+00 -6.534902131297828e-02
3.775382753515729e+01 2.918381018787313e+00 -6.714331059301304e-02
3.784502035529052e+01 2.912174427237479e+00 -6.898482992365214e-02
3.793621317542375e+01 2.905797708262452e+00 -7.087464777600208e-02
3.802740599555698e+01 2.899246408325686e+00 -7.281384142115742e-02
3.811859881569021e+01 2.892515975304877e+00 -7.480349546929724e-02
3.820979163582344e+01 2.885601757895773e+00 -7.684470023703088e-02
3.830098445595667e+01 2.878499005173231e+00 -7.893854992921794e-02
3.839217727608990e+01 2.871202866327080e+00 -8.108614062064802e-02
3.848337009622313e+01 2.863708390591764e+00 -8.328856802210506e-02
3.857456291635636e+01 2.856010527390140e+00 -8.554692501446641e-02
3.866575573648959e+01 2.848104126713389e+00 -8.786229893360116e-02
3.875694855662282e+01 2.839983939760558e+00 -9.023576858794620e-02
3.884814137675605e+01 2.831644619863002e+00 -9.266840098975840e-02
3.893933419688928e+01 2.823080723720702e+00 -9.516124778018040e-02
3.903052701702251e+01 2.814286712979354e+00 -9.771534132742618e-02
3.912171983715574e+01 2.805256956178977e+00 -1.003316904766080e-01
3.921291265728897e+01 2.795985731106837e+00 -1.030112759290052e-01
3.930410547742220e+01 2.786467227589517e+00 -1.057550452279351e-01
3.939529829755543e+01 2.776695550761051e+00 -1.085639073278586e-01
3.948649111768867e+01 2.766664724846234e+00 -1.114387267229503e-01
3.957768393782190e+01 2.756368697500352e+00 -1.143803171111330e-01
3.966887675795513e+01 2.745801344748806e+00 -1.173894345695368e-01
3.976006957808836e+01 2.734956476572274e+00 -1.204667702175435e-01
3.985126239822159e+01 2.723827843185194e+00 -1.236129423440547e-01
3.994245521835482e+01 2.712409142057489e+00 -1.268284879764290e-01
4.003364803848805e+01 2.700694025731405e+00 -1.301138538697137e-01
4.012484085862128e+01 2.688676110487271e+00 -1.334693868964199e-01
4.021603367875451e+01 2.676348985913638e+00 -1.368953238192089e-01
4.030722649888774e+01 2.663706225438809e+00 -1.403917804315410e-01
4.039841931902097e+01 2.650741397881929e+00 -1.439587400546666e-01
4.048961213915420e+01 2.637448080082722e+00 -1.475960413833765e-01
4.058080495928743e+01 2.623819870669429e+00 -1.513033656777670e-01
4.067199777942066e+01 2.609850405024495e+00 -1.550802233039907e-01
4.076319059955389e+01 2.595533371506984e+00 -1.589259396336455e-01
4.085438341968712e+01 2.580862528989494e+00 -1.628396403191848e-01
4.094557623982035e+01 2.565831725765325e+00 -1.668202359715994e-01
4.103676905995358e+01 2.550434919878862e+00 -1.708664062766989e-01
4.112796188008681e+01 2.534666200928256e+00 -1.749765835976890e-01
4.121915470022004e+01 2.518519813384628e+00 -1.791489361244581e-01
4.131034752035327e+01 2.501990181465819e+00 -1.833813506441015e-01
4.140154034048650e+01 2.485071935595256e+00 -1.876714150227556e-01
4.149273316061973e+01 2.467759940467513e+00 -1.920164005057933e-01
4.158392598075296e+01 2.450049324731566e+00 -1.964132439618212e-01
4.167511880088619e+01 2.431935512290377e+00 -2.008585302156529e-01
4.176631162101942e+01 2.413414255201301e+00 -2.053484746364202e-01
4.185750444115265e+01 2.394481668145640e+00 -2.098789061690569e-01
4.194869726128588e+01 2.375134264417444e+00 -2.144452510203377e-01
4.203989008141911e+01 2.355368993361354e+00 -2.190425172342148e-01
4.213108290155234e+01 2.335183279166787e+00 -2.236652804149841e-01
4.222227572168557e+01 2.314575060901089e+00 -2.283076708804381e-01
4.231346854181880e+01 2.293542833637529e+00 -2.329633625500717e-01
4.240466136195203e+01 2.272085690505149e+00 -2.376255638950252e-01
4.249585418208526e+01 2.250203365456827e+00 -2.422870112960560e-01
4.258704700221849e+01 2.227896276519498e+00 -2.469399651726649e-01
4.267823982235172e+01 2.205165569256764e+00 -2.515762092596769e-01
4.276943264248495e+01 2.182013160139355e+00 -2.561870534161664e-01
4.286062546261818e+01 2.158441779483631e+00 -2.607633403546110e-01
4.295181828275141e+01 2.134455013583052e+00 -2.652954566745198e-01
4.304301110288464e+01 2.110057345622964e+00 -2.697733485734636e-01
4.313420392301787e+01 2.085254194935861e+00 -2.741865425884008e-01
4.322539674315110e+01 2.060051954123420e+00 -2.785241716904729e-01
4.331658956328433e+01 2.034458023543839e+00 -2.827750070161859e-01
4.340778238341756e+01 2.008480842639505e+00 -2.869274954663757e-01
4.349897520355079e+01 1.982129917561702e+00 -2.909698033411079e-01
4.359016802368402e+01 1.955415844537065e+00 -2.948898661034545e-01
4.368136084381725e+01 1.928350328415897e+00 -2.986754442780450e-01
4.377255366395048e+01 1.900946195846328e+00 -3.023141853919093e-01
4.386374648408371e+01 1.873217402531624e+00 -3.057936917563546e-01
4.395493930421694e+01 1.845179034051594e+00 -3.091015937708654e-01
4.404613212435017e+01 1.816847299763806e+00 -3.122256283052024e-01
4.413732494448340e+01 1.788239519346649e+00 -3.151537215864252e-01
4.422851776461663e+01 1.759374101604559e+00 -3.178740758864018e-01
4.431971058474986e+01 1.730270515225887e+00 -3.203752591758429e-01
4.441090340488309e+01 1.700949251265644e+00 -3.226462967867812e-01
4.450209622501632e+01 1.671431777218069e+00 -3.246767640107155e-01
4.459328904514955e+01 1.641740482646511e+00 -3.264568784585602e-01
4.468448186528278e+01 1.611898616449101e+00 -3.279775909252614e-01
4.477567468541601e+01 1.581930215956340e+00 -3.292306734405075e-01
4.486686750554924e+01 1.551860028178788e+00 -3.302088031510315e-01
4.495806032568247e+01 1.521713423647150e+00 -3.309056406727351e-01
4.504925314581570e+01 1.491516303410370e+00 -3.313159015746596e-01
4.514044596594893e+01 1.461294999877059e+00 -3.314354197132041e-01
4.523163878608216e+01 1.431076172298602e+00 -3.312612012244515e-01
4.532283160621540e+01 1.400886697795731e+00 -3.307914681043433e-01
4.541402442634863e+01 1.370753558921162e+00 -3.300256904589129e-01
4.550521724648186e+01 1.340703728826629e+00 -3.289646066868368e-01
4.559641006661509e+01 1.310764055160784e+00 -3.276102310600297e-01
4.568760288674832e+01 1.280961143863146e+00 -3.259658483897619e-01
4.577879570688155e+01 1.251321244037215e+00 -3.240359956998251e-01
4.586998852701478e+01 1.221870135082070e+00 -3.218264310680523e-01
4.596118134714801e+01 1.192633017236177e+00 -3.193440900360826e-01
4.605237416728124e+01 1.163634406640047e+00 -3.165970302176871e-01
4.614356698741447e+01 1.134898035956954e+00 -3.135943649515021e-01
4.623475980754770e+01 1.106446761504734e+00 -3.103461870384478e-01
4.632595262768093e+01 1.078302477748946e+00 -3.068634837720103e-01
4.641714544781416e+01 1.050486039891002e+00 -3.031580446065082e-01
4.650833826794739e+01 1.023017195157267e+00 -2.992423629111849e-01
4.659953108808062e+01 9.959145232597573e-01 -2.951295333244690e-01
4.669072390821385e+01 9.691953863593805e-01 -2.908331462523511e-01
4.678191672834708e+01 9.428758887218551e-01 -2.863671810481350e-01
4.687310954848031e+01 9.169708461179160e-01 -2.817458993696420e-01
4.696430236861354e+01 8.914937648860571e-01 -2.769837401371802e-01
4.705549518874677e+01 8.664568304506648e-01 -2.720952174149749e-01
4.714668800888000e+01 8.418709049732633e-01 -2.670948224147760e-01
4.723788082901323e+01 8.177455337116615e-01 -2.619969306779166e-01
4.732907364914646e+01 7.940889595724769e-01 -2.568157153363458e-01
4.742026646927969e+01 7.709081452678286e-01 -2.515650671892686e-01
4.751145928941292e+01 7.482088024274218e-01 -2.462585221649793e-01
4.760265210954615e+01 7.259954269728861e-01 -2.409091965719111e-01
4.769384492967938e+01 7.042713400317280e-01 -2.355297303829810e-01
4.778503774981261e+01 6.830387336529659e-01 -2.301322386465460e-01
4.787623056994584e+01 6.622987205844211e-01 -2.247282709786023e-01
4.796742339007907e+01 6.420513873815694e-01 -2.193287789664698e-01
4.805861621021230e+01 6.222958501384094e-01 -2.139440912056476e-01
4.814980903034553e+01 6.030303121605015e-01 -2.085838955996910e-01
4.824100185047876e+01 5.842521229376291e-01 -2.032572284781428e-01
4.833219467061199e+01 5.659578378168758e-01 -1.979724700295110e-01
4.842338749074522e+01 5.481432778248261e-01 -1.927373455043523e-01
4.851458031087845e+01 5.308035891386141e-01 -1.875589316166482e-01
4.860577313101168e+01 5.139333017583974e-01 -1.824436675585386e-01
4.869696595114491e+01 4.975263869872945e-01 -1.773973700426055e-01
4.878815877127814e+01 4.815763133778821e-01 -1.724252517956509e-01
4.887935159141137e+01 4.660761008560830e-01 -1.675319429466358e-01
4.897054441154460e+01 4.510183727829645e-01 -1.627215147774813e-01
4.906173723167783e+01 4.363954057620112e-01 -1.579975053372010e-01
4.915293005181106e+01 4.221991770433663e-01 -1.533629464558383e-01
4.924412287194429e+01 4.084214094170600e-01 -1.488203917335668e-01
4.933531569207752e+01 3.950536135241169e-01 -1.443719451208622e-01
4.942650851221075e+01 3.820871275475954e-01 -1.400192897467986e-01
4.951770133234398e+01 3.695131542750103e-01 -1.357637166933757e-01
4.960889415247721e+01 3.573227955493192e-01 -1.316061534535782e-01
4.970008697261044e+01 3.455070841478150e-01 -1.275471918490272e-01
4.979127979274367e+01 3.340570131470492e-01 -1.235871152191267e-01
4.988247261287690e+01 3.229635628475072e-01 -1.197259247272169e-01
4.997366543301013e+01 3.122177253444199e-01 -1.159633646601853e-01

