# omega0=1, alpha=2.5
# theta0=3.14159, theta_dot0=0
# t_start=0, t_end=50, h=0.00911928
#   t          x(t)                 v(t)       
0  3.141590000000000e+00  0.000000000000000e+00
9.119282013323059e-02 3.141589989752021e+00 -2.166856450261969e-07
1.823856402664613e-01 3.141589961770447e+00 -3.908098916451498e-07
2.735784603996920e-01 3.141589919462250e+00 -5.323451017055995e-07
3.647712805329227e-01 3.141589865433243e+00 -6.489881479030702e-07
4.559641006661534e-01 3.141589801670795e+00 -7.466815738993430e-07
5.471569207993838e-01 3.141589729684695e+00 -8.300154555830092e-07
6.383497409326140e-01 3.141589650615749e+00 -9.025372737543996e-07
7.295425610658441e-01 3.141589565319489e+00 -9.669908574417016e-07
8.207353811990743e-01 3.141589474430699e+00 -1.025500635513011e-06
9.119282013323045e-01 3.141589378413139e+00 -1.079713717193977e-06
1.003121021465535e+00 3.141589277597857e+00 -1.130909456172912e-06
1.094313841598765e+00 3.141589172212716e+00 -1.180083941822863e-06
1.185506661731995e+00 3.141589062405116e+00 -1.228015158259680e-06
1.276699481865225e+00 3.141588948259501e+00 -1.275313237006974e-06
1.367892301998455e+00 3.141588829810818e+00 -1.322459215806737e-06
1.459085122131685e+00 3.141588707054870e+00 -1.369834935478791e-06
1.550277942264916e+00 3.141588579956261e+00 -1.417746103890911e-06
1.641470762398146e+00 3.141588448454498e+00 -1.466440091323143e-06
1.732663582531376e+00 3.141588312468652e+00 -1.516119664035124e-06
1.823856402664606e+00 3.141588171900927e+00 -1.566953586335632e-06
1.915049222797836e+00 3.141588026639365e+00 -1.619084807901456e-06
2.006242042931067e+00 3.141587876559905e+00 -1.672636790256678e-06
2.097434863064297e+00 3.141587721527925e+00 -1.727718398488641e-06
2.188627683197527e+00 3.141587561399393e+00 -1.784427686784746e-06
2.279820503330757e+00 3.141587396021714e+00 -1.842854832132398e-06
2.371013323463987e+00 3.141587225234341e+00 -1.903084411263448e-06
2.462206143597217e+00 3.141587048869199e+00 -1.965197171645693e-06
2.553398963730448e+00 3.141586866750971e+00 -2.029271413054034e-06
2.644591783863678e+00 3.141586678697269e+00 -2.095384069089940e-06
2.735784603996908e+00 3.141586484518720e+00 -2.163611558372029e-06
2.826977424130138e+00 3.141586284018978e+00 -2.234030457979561e-06
2.918170244263368e+00 3.141586076994684e+00 -2.306718041178239e-06
3.009363064396598e+00 3.141585863235388e+00 -2.381752710497329e-06
3.100555884529828e+00 3.141585642523419e+00 -2.459214350797557e-06
3.191748704663059e+00 3.141585414633750e+00 -2.539184621720605e-06
3.282941524796289e+00 3.141585179333809e+00 -2.621747203396346e-06
3.374134344929519e+00 3.141584936383299e+00 -2.706988007329850e-06
3.465327165062749e+00 3.141584685533974e+00 -2.794995360777618e-06
3.556519985195979e+00 3.141584426529422e+00 -2.885860171626545e-06
3.647712805329209e+00 3.141584159104815e+00 -2.979676078579887e-06
3.738905625462440e+00 3.141583882986656e+00 -3.076539591509201e-06
3.830098445595670e+00 3.141583597892511e+00 -3.176550224089589e-06
3.921291265728900e+00 3.141583303530728e+00 -3.279810622147809e-06
4.012484085862130e+00 3.141582999600149e+00 -3.386426688895417e-06
4.103676905995361e+00 3.141582685789806e+00 -3.496507708873312e-06
4.194869726128591e+00 3.141582361778602e+00 -3.610166471941131e-06
4.286062546261821e+00 3.141582027234993e+00 -3.727519398031600e-06
4.377255366395051e+00 3.141581681816647e+00 -3.848686663370023e-06
4.468448186528281e+00 3.141581325170098e+00 -3.973792329052424e-06
4.559641006661511e+00 3.141580956930381e+00 -4.102964472209393e-06
4.650833826794742e+00 3.141580576720669e+00 -4.236335320364984e-06
4.742026646927972e+00 3.141580184151876e+00 -4.374041389332879e-06
4.833219467061202e+00 3.141579778822269e+00 -4.516223624895485e-06
4.924412287194432e+00 3.141579360317055e+00 -4.663027548472962e-06
5.015605107327662e+00 3.141578928207955e+00 -4.814603407201464e-06
5.106797927460892e+00 3.141578482052766e+00 -4.971106328673177e-06
5.197990747594122e+00 3.141578021394910e+00 -5.132696480403892e-06
5.289183567727353e+00 3.141577545762970e+00 -5.299539234220802e-06
5.380376387860583e+00 3.141577054670202e+00 -5.471805335787523e-06
5.471569207993813e+00 3.141576547614040e+00 -5.649671079820023e-06
5.562762028127043e+00 3.141576024075582e+00 -5.833318490651239e-06
5.653954848260273e+00 3.141575483519057e+00 -6.022935508803154e-06
5.745147668393503e+00 3.141574925391279e+00 -6.218716183307425e-06
5.836340488526734e+00 3.141574349121081e+00 -6.420860870515661e-06
5.927533308659964e+00 3.141573754118727e+00 -6.629576439241879e-06
6.018726128793194e+00 3.141573139775313e+00 -6.845076482523545e-06
6.109918948926424e+00 3.141572505462141e+00 -7.067581536150141e-06
6.201111769059654e+00 3.141571850530079e+00 -7.297319304484558e-06
6.292304589192884e+00 3.141571174308892e+00 -7.534524893469233e-06
6.383497409326115e+00 3.141570476106557e+00 -7.779441051270883e-06
6.474690229459345e+00 3.141569755208561e+00 -8.032318416766301e-06
6.565883049592575e+00 3.141569010877161e+00 -8.293415775958311e-06
6.657075869725805e+00 3.141568242350633e+00 -8.563000326885450e-06
6.748268689859035e+00 3.141567448842495e+00 -8.841347953090010e-06
6.839461509992265e+00 3.141566629540700e+00 -9.128743505834392e-06
6.930654330125495e+00 3.141565783606801e+00 -9.425481095761023e-06
7.021847150258726e+00 3.141564910175100e+00 -9.731864393829694e-06
7.113039970391956e+00 3.141564008351756e+00 -1.004820694198432e-05
7.204232790525186e+00 3.141563077213876e+00 -1.037483247425226e-05
7.295425610658416e+00 3.141562115808565e+00 -1.071207524775816e-05
7.386618430791646e+00 3.141561123151955e+00 -1.106028038501604e-05
7.477811250924876e+00 3.141560098228196e+00 -1.141980422704754e-05
7.569004071058107e+00 3.141559039988417e+00 -1.179101469795973e-05
7.660196891191337e+00 3.141557947349650e+00 -1.217429168165111e-05
7.751389711324567e+00 3.141556819193730e+00 -1.257002741038308e-05
7.842582531457797e+00 3.141555654366140e+00 -1.297862686629637e-05
7.933775351591027e+00 3.141554451674835e+00 -1.340050819581278e-05
8.024968171724257e+00 3.141553209889025e+00 -1.383610313755111e-05
8.116160991857488e+00 3.141551927737908e+00 -1.428585746416892e-05
8.207353811990718e+00 3.141550603909378e+00 -1.475023143852082e-05
8.298546632123948e+00 3.141549237048672e+00 -1.522970028467869e-05
8.389739452257178e+00 3.141547825756994e+00 -1.572475467435827e-05
8.480932272390408e+00 3.141546368590076e+00 -1.623590122896170e-05
8.572125092523638e+00 3.141544864056705e+00 -1.676366303801144e-05
8.663317912656868e+00 3.141543310617195e+00 -1.730858019450667e-05
8.754510732790099e+00 3.141541706681811e+00 -1.787121034759514e-05
8.845703552923329e+00 3.141540050609138e+00 -1.845212927336423e-05
8.936896373056559e+00 3.141538340704412e+00 -1.905193146392967e-05
9.028089193189789e+00 3.141536575217776e+00 -1.967123073592809e-05
9.119282013323019e+00 3.141534752342491e+00 -2.031066085862746e-05
9.210474833456249e+00 3.141532870213091e+00 -2.097087620248011e-05
9.301667653589480e+00 3.141530926903471e+00 -2.165255240877568e-05
9.392860473722710e+00 3.141528920424915e+00 -2.235638708113193e-05
9.484053293855940e+00 3.141526848724063e+00 -2.308310049940938e-05
9.575246113989170e+00 3.141524709680809e+00 -2.383343635673479e-05
9.666438934122400e+00 3.141522501106131e+00 -2.460816252056051e-05
9.757631754255630e+00 3.141520220739851e+00 -2.540807181862142e-05
9.848824574388860e+00 3.141517866248321e+00 -2.623398285011390e-05
9.940017394522091e+00 3.141515435222038e+00 -2.708674082353046e-05
1.003121021465532e+01 3.141512925173173e+00 -2.796721842156997e-05
1.012240303478855e+01 3.141510333533029e+00 -2.887631669429994e-05
1.021359585492178e+01 3.141507657649413e+00 -2.981496598113853e-05
1.030478867505501e+01 3.141504894783921e+00 -3.078412686294471e-05
1.039598149518824e+01 3.141502042109130e+00 -3.178479114512148e-05
1.048717431532147e+01 3.141499096705713e+00 -3.281798287249659e-05
1.057836713545470e+01 3.141496055559449e+00 -3.388475937737091e-05
1.066955995558793e+01 3.141492915558132e+00 -3.498621236152111e-05
1.076075277572116e+01 3.141489673488397e+00 -3.612346901350912e-05
1.085194559585439e+01 3.141486326032422e+00 -3.729769316195510e-05
1.094313841598762e+01 3.141482869764538e+00 -3.851008646671945e-05
1.103433123612085e+01 3.141479301147721e+00 -3.976188964877755e-05
1.112552405625408e+01 3.141475616529973e+00 -4.105438375974892e-05
1.121671687638731e+01 3.141471812140584e+00 -4.238889149287881e-05
1.130790969652054e+01 3.141467884086275e+00 -4.376677853677371e-05
1.139910251665377e+01 3.141463828347213e+00 -4.518945497281682e-05
1.149029533678700e+01 3.141459640772897e+00 -4.665837671835088e-05
1.158148815692023e+01 3.141455317077909e+00 -4.817504701644988e-05
1.167268097705346e+01 3.141450852837531e+00 -4.974101797440168e-05
1.176387379718669e+01 3.141446243483216e+00 -5.135789215204374e-05
1.185506661731992e+01 3.141441484297909e+00 -5.302732420186125e-05
1.194625943745315e+01 3.141436570411229e+00 -5.475102256216895e-05
1.203745225758638e+01 3.141431496794475e+00 -5.653075120551893e-05
1.212864507771961e+01 3.141426258255485e+00 -5.836833144388985e-05
1.221983789785284e+01 3.141420849433322e+00 -6.026564379243260e-05
1.231103071798607e+01 3.141415264792786e+00 -6.222462989413698e-05
1.240222353811930e+01 3.141409498618750e+00 -6.424729450672476e-05
1.249341635825254e+01 3.141403545010315e+00 -6.633570755431744e-05
1.258460917838577e+01 3.141397397874765e+00 -6.849200624553502e-05
1.267580199851900e+01 3.141391050921337e+00 -7.071839726081403e-05
1.276699481865223e+01 3.141384497654779e+00 -7.301715901064183e-05
1.285818763878546e+01 3.141377731368710e+00 -7.539064396709525e-05
1.294938045891869e+01 3.141370745138748e+00 -7.784128107134292e-05
1.304057327905192e+01 3.141363531815431e+00 -8.037157821926032e-05
1.313176609918515e+01 3.141356084016894e+00 -8.298412482805450e-05
1.322295891931838e+01 3.141348394121322e+00 -8.568159448608099e-05
1.331415173945161e+01 3.141340454259146e+00 -8.846674768894184e-05
1.340534455958484e+01 3.141332256304987e+00 -9.134243466436435e-05
1.349653737971807e+01 3.141323791869347e+00 -9.431159828917508e-05
1.358773019985130e+01 3.141315052290018e+00 -9.737727710085879e-05
1.367892301998453e+01 3.141306028623221e+00 -1.005426084070794e-04
1.377011584011776e+01 3.141296711634451e+00 -1.038108314962975e-04
1.386130866025099e+01 3.141287091789029e+00 -1.071852909526383e-04
1.395250148038422e+01 3.141277159242343e+00 -1.106694400787014e-04
1.404369430051745e+01 3.141266903829772e+00 -1.142668444295295e-04
1.413488712065068e+01 3.141256315056287e+00 -1.179811854614797e-04
1.422607994078391e+01 3.141245382085708e+00 -1.218162642996258e-04
1.431727276091714e+01 3.141234093729616e+00 -1.257760056278021e-04
1.440846558105037e+01 3.141222438435905e+00 -1.298644617048378e-04
1.449965840118360e+01 3.141210404276956e+00 -1.340858165114469e-04
1.459085122131683e+01 3.141197978937432e+00 -1.384443900321488e-04
1.468204404145006e+01 3.141185149701678e+00 -1.429446426759894e-04
1.477323686158329e+01 3.141171903440707e+00 -1.475911798411189e-04
1.486442968171652e+01 3.141158226598759e+00 -1.523887566278797e-04
1.495562250184975e+01 3.141144105179436e+00 -1.573422827049201e-04
1.504681532198298e+01 3.141129524731375e+00 -1.624568273335624e-04
1.513800814211621e+01 3.141114470333458e+00 -1.677376245554344e-04
1.522920096224944e+01 3.141098926579546e+00 -1.731900785488524e-04
1.532039378238267e+01 3.141082877562709e+00 -1.788197691590489e-04
1.541158660251590e+01 3.141066306858949e+00 -1.846324576084852e-04
1.550277942264913e+01 3.141049197510394e+00 -1.906340923925725e-04
1.559397224278236e+01 3.141031532007940e+00 -1.968308153671046e-04
1.568516506291559e+01 3.141013292273337e+00 -2.032289680335855e-04
1.577635788304882e+01 3.140994459640686e+00 -2.098350980287898e-04
1.586755070318205e+01 3.140975014837339e+00 -2.166559658252202e-04
1.595874352331528e+01 3.140954937964174e+00 -2.236985516494876e-04
1.604993634344851e+01 3.140934208475231e+00 -2.309700626255668e-04
1.614112916358174e+01 3.140912805156688e+00 -2.384779401502510e-04
1.623232198371497e+01 3.140890706105150e+00 -2.462298675081576e-04
1.632351480384820e+01 3.140867888705234e+00 -2.542337777345527e-04
1.641470762398143e+01 3.140844329606430e+00 -2.624978617334946e-04
1.650590044411466e+01 3.140820004699195e+00 -2.710305766598039e-04
1.659709326424789e+01 3.140794889090291e+00 -2.798406545739011e-04
1.668828608438112e+01 3.140768957077302e+00 -2.889371113775875e-04
1.677947890451435e+01 3.140742182122338e+00 -2.983292560403829e-04
1.687067172464758e+01 3.140714536824874e+00 -3.080267001256636e-04
1.696186454478081e+01 3.140685992893707e+00 -3.180393676265812e-04
1.705305736491404e+01 3.140656521118008e+00 -3.283775051217513e-04
1.714425018504727e+01 3.140626091337430e+00 -3.390516922607927e-04
1.723544300518050e+01 3.140594672411238e+00 -3.500728525907346e-04
1.732663582531373e+01 3.140562232186445e+00 -3.614522647345287e-04
1.741782864544696e+01 3.140528737464908e+00 -3.732015739328326e-04
1.750902146558019e+01 3.140494153969352e+00 -3.853328039606645e-04
1.760021428571342e+01 3.140458446308297e+00 -3.978583694316340e-04
1.769140710584665e+01 3.140421577939834e+00 -4.107910885021081e-04
1.778259992597988e+01 3.140383511134238e+00 -4.241441959881655e-04
1.787379274611311e+01 3.140344206935348e+00 -4.379313569088744e-04
1.796498556624634e+01 3.140303625120708e+00 -4.521666804699573e-04
1.805617838637957e+01 3.140261724160404e+00 -4.668647345017155e-04
1.814737120651280e+01 3.140218461174563e+00 -4.820405603662640e-04
1.823856402664603e+01 3.140173791889476e+00 -4.977096883493219e-04
1.832975684677927e+01 3.140127670592283e+00 -5.138881535523072e-04
1.842094966691250e+01 3.140080050084204e+00 -5.305925123007497e-04
1.851214248704573e+01 3.140030881632232e+00 -5.478398590859824e-04
1.860333530717896e+01 3.139980114919263e+00 -5.656478440575956e-04
1.869452812731219e+01 3.139927697992607e+00 -5.840346910843491e-04
1.878572094744542e+01 3.139873577210823e+00 -6.030192164019081e-04
1.887691376757865e+01 3.139817697188821e+00 -6.226208478667787e-04
1.896810658771188e+01 3.139760000741196e+00 -6.428596448357409e-04
1.905929940784511e+01 3.139700428823696e+00 -6.637563186914320e-04
1.915049222797834e+01 3.139638920472812e+00 -6.853322540349972e-04
1.924168504811157e+01 3.139575412743384e+00 -7.076095305672087e-04
1.933287786824480e+01 3.139509840644192e+00 -7.306109456810331e-04
1.942407068837803e+01 3.139442137071454e+00 -7.543600377877826e-04
1.951526350851126e+01 3.139372232740150e+00 -7.788811104016040e-04
1.960645632864449e+01 3.139300056113127e+00 -8.041992570064010e-04
1.969764914877772e+01 3.139225533327895e+00 -8.303403867308564e-04
1.978884196891095e+01 3.139148588121043e+00 -8.573312508576036e-04
1.988003478904418e+01 3.139069141750198e+00 -8.851994701936149e-04
1.997122760917741e+01 3.138987112913453e+00 -9.139735633298428e-04
2.006242042931064e+01 3.138902417666165e+00 -9.436829758192444e-04
2.015361324944387e+01 3.138814969335063e+00 -9.743581103024027e-04
2.024480606957710e+01 3.138724678429558e+00 -1.006030357611943e-03
2.033599888971033e+01 3.138631452550165e+00 -1.038732128887163e-03
2.042719170984356e+01 3.138535196293959e+00 -1.072496888732163e-03
2.051838452997679e+01 3.138435811156951e+00 -1.107359189450942e-03
2.060957735011002e+01 3.138333195433300e+00 -1.143354706394208e-03
2.070077017024325e+01 3.138227244111234e+00 -1.180520274454380e-03
2.079196299037648e+01 3.138117848765610e+00 -1.218893925745939e-03
2.088315581050971e+01 3.138004897446964e+00 -1.258514928509180e-03
2.097434863064294e+01 3.137888274566968e+00 -1.299423827277467e-03
2.106554145077617e+01 3.137767860780157e+00 -1.341662484348539e-03
2.115673427090940e+01 3.137643532861820e+00 -1.385274122602530e-03
2.124792709104263e+01 3.137515163581915e+00 -1.430303369709938e-03
2.133911991117586e+01 3.137382621574897e+00 -1.476796303774819e-03
2.143031273130909e+01 3.137245771205308e+00 -1.524800500459460e-03
2.152150555144232e+01 3.137104472429006e+00 -1.574365081638659e-03
2.161269837157555e+01 3.136958580649881e+00 -1.625540765632916e-03
2.170389119170878e+01 3.136807946571921e+00 -1.678379919071895e-03
2.179508401184201e+01 3.136652416046469e+00 -1.732936610440455e-03
2.188627683197524e+01 3.136491829914516e+00 -1.789266665362059e-03
2.197746965210847e+01 3.136326023843877e+00 -1.847427723675402e-03
2.206866247224170e+01 3.136154828161073e+00 -1.907479298362132e-03
2.215985529237493e+01 3.135978067677759e+00 -1.969482836385859e-03
2.225104811250816e+01 3.135795561511503e+00 -2.033501781503630e-03
2.234224093264139e+01 3.135607122900755e+00 -2.099601639113682e-03
2.243343375277462e+01 3.135412559013805e+00 -2.167850043205305e-03
2.252462657290785e+01 3.135211670751534e+00 -2.238316825478075e-03
2.261581939304108e+01 3.135004252543766e+00 -2.311074086700674e-03
2.270701221317431e+01 3.134790092138996e+00 -2.386196270381429e-03
2.279820503330754e+01 3.134568970387308e+00 -2.463760238824593e-03
2.288939785344077e+01 3.134340661016231e+00 -2.543845351649259e-03
2.298059067357400e+01 3.134104930399331e+00 -2.626533546849811e-03
2.307178349370723e+01 3.133861537317280e+00 -2.711909424479738e-03
2.316297631384046e+01 3.133610232711180e+00 -2.800060333042491e-03
2.325416913397369e+01 3.133350759427880e+00 -2.891076458676560e-03
2.334536195410692e+01 3.133082851957029e+00 -2.985050917223562e-03
2.343655477424015e+01 3.132806236159594e+00 -3.082079849272043e-03
2.352774759437338e+01 3.132520628987578e+00 -3.182262518271769e-03
2.361894041450661e+01 3.132225738194642e+00 -3.285701411816199e-03
2.371013323463984e+01 3.131921262037347e+00 -3.392502346194303e-03
2.380132605477307e+01 3.131606888966700e+00 -3.502774574315780e-03
2.389251887490630e+01 3.131282297309712e+00 -3.616630897116209e-03
2.398371169503953e+01 3.130947154940626e+00 -3.734187778552998e-03
2.407490451517276e+01 3.130601118941494e+00 -3.855565464305535e-03
2.416609733530600e+01 3.130243835251747e+00 -3.980888104296636e-03
2.425729015543923e+01 3.129874938306427e+00 -4.110283879155660e-03
2.434848297557246e+01 3.129494050662695e+00 -4.243885130747443e-03
2.443967579570569e+01 3.129100782614242e+00 -4.381828496894221e-03
2.453086861583892e+01 3.128694731793225e+00 -4.524255050422626e-03
2.462206143597215e+01 3.128275482759312e+00 -4.671310442670279e-03
2.471325425610538e+01 3.127842606575450e+00 -4.823145051590818e-03
2.480444707623861e+01 3.127395660369882e+00 -4.979914134600598e-03
2.489563989637184e+01 3.126934186884032e+00 -5.141777986313667e-03
2.498683271650507e+01 3.126457714005765e+00 -5.308902101315638e-03
2.507802553663830e+01 3.125965754287560e+00 -5.481457342131764e-03
2.516921835677153e+01 3.125457804449143e+00 -5.659620112547932e-03
2.526041117690476e+01 3.124933344864042e+00 -5.843572536448018e-03
2.535160399703799e+01 3.124391839029590e+00 -6.033502642335199e-03
2.544279681717122e+01 3.123832733019830e+00 -6.229604553708516e-03
2.553398963730445e+01 3.123255454920786e+00 -6.432078685471030e-03
2.562518245743768e+01 3.122659414247543e+00 -6.641131946549762e-03
2.571637527757091e+01 3.122044001342553e+00 -6.856977948912091e-03
2.580756809770414e+01 3.121408586754592e+00 -7.079837223167047e-03
2.589876091783737e+01 3.120752520597738e+00 -7.309937440944957e-03
2.598995373797060e+01 3.120075131889757e+00 -7.547513644252262e-03
2.608114655810383e+01 3.119375727869251e+00 -7.792808482002996e-03
2.617233937823706e+01 3.118653593290896e+00 -8.046072453932039e-03
2.626353219837029e+01 3.117907989698093e+00 -8.307564162099157e-03
2.635472501850352e+01 3.117138154672332e+00 -8.577550570196952e-03
2.644591783863675e+01 3.116343301058548e+00 -8.856307270878433e-03
2.653711065876998e+01 3.115522616165710e+00 -9.144118761324373e-03
2.662830347890321e+01 3.114675260941917e+00 -9.441278727272727e-03
2.671949629903644e+01 3.113800369123182e+00 -9.748090335735182e-03
2.681068911916967e+01 3.112897046355124e+00 -1.006486653662868e-02
2.690188193930290e+01 3.111964369286740e+00 -1.039193037355153e-02
2.699307475943613e+01 3.111001384635404e+00 -1.072961530393444e-02
2.708426757956936e+01 3.110007108222240e+00 -1.107826552879870e-02
2.717546039970259e+01 3.108980523976978e+00 -1.143823633235336e-02
2.726665321983582e+01 3.107920582911376e+00 -1.180989443166242e-02
2.735784603996905e+01 3.106826202060291e+00 -1.219361833661275e-02
2.744903886010228e+01 3.105696263389455e+00 -1.258979872040988e-02
2.754023168023551e+01 3.104529612668952e+00 -1.299883880082656e-02
2.763142450036874e+01 3.103325058311460e+00 -1.342115473242385e-02
2.772261732050197e+01 3.102081370174186e+00 -1.385717600995921e-02
2.781381014063520e+01 3.100797278323521e+00 -1.430734588318791e-02
2.790500296076843e+01 3.099471471761322e+00 -1.477212178325626e-02
2.799619578090166e+01 3.098102597111786e+00 -1.525197576087339e-02
2.808738860103489e+01 3.096689257267819e+00 -1.574739493643590e-02
2.817858142116812e+01 3.095230009995802e+00 -1.625888196226418e-02
2.826977424130135e+01 3.093723366497650e+00 -1.678695549709236e-02
2.836096706143458e+01 3.092167789929041e+00 -1.733215069293169e-02
2.845215988156781e+01 3.090561693872669e+00 -1.789501969440492e-02
2.854335270170104e+01 3.088903440765403e+00 -1.847613215062120e-02
2.863454552183427e+01 3.087191340278175e+00 -1.907607573963005e-02
2.872573834196750e+01 3.085423647647492e+00 -1.969545670545725e-02
2.881693116210073e+01 3.083598561957378e+00 -2.033490040768561e-02
2.890812398223396e+01 3.081714224370645e+00 -2.099505188349781e-02
2.899931680236719e+01 3.079768716308339e+00 -2.167657642204751e-02
2.909050962250042e+01 3.077760057576254e+00 -2.238016015096631e-02
2.918170244263365e+01 3.075686204437419e+00 -2.310651063475007e-02
2.927289526276688e+01 3.073545047629484e+00 -2.385635748469494e-02
2.936408808290011e+01 3.071334410325974e+00 -2.463045297997197e-02
2.945528090303334e+01 3.069052046040417e+00 -2.542957269933843e-02
2.954647372316657e+01 3.066695636472403e+00 -2.625451616288238e-02
2.963766654329980e+01 3.064262789294686e+00 -2.710610748308387e-02
2.972885936343303e+01 3.061751035880522e+00 -2.798519602435107e-02
2.982005218356626e+01 3.059157828970518e+00 -2.889265707004911e-02
2.991124500369950e+01 3.056480540278343e+00 -2.982939249588516e-02
3.000243782383273e+01 3.053716458034800e+00 -3.079633144834130e-02
3.009363064396596e+01 3.050862784469849e+00 -3.179443102665646e-02
3.018482346409919e+01 3.047916633232348e+00 -3.282467696664795e-02
3.027601628423242e+01 3.044875026747413e+00 -3.388808432443121e-02
3.036720910436565e+01 3.041734893511527e+00 -3.498569815783929e-02
3.045840192449888e+01 3.038493065325694e+00 -3.611859420306004e-02
3.054959474463211e+01 3.035146274467220e+00 -3.728787954369707e-02
3.064078756476534e+01 3.031691150800944e+00 -3.849469326911627e-02
3.073198038489857e+01 3.028124218831043e+00 -3.974020711856188e-02
3.082317320503180e+01 3.024441894694912e+00 -4.102562610710947e-02
3.091436602516503e+01 3.020640483100937e+00 -4.235218912906670e-02
3.100555884529826e+01 3.016716174212466e+00 -4.372116953393130e-02
3.109675166543149e+01 3.012665040480707e+00 -4.513387566946520e-02
3.118794448556472e+01 3.008483033429834e+00 -4.659165138584242e-02
3.127913730569795e+01 3.004165980398135e+00 -4.809587649416867e-02
3.137033012583118e+01 2.999709581239717e+00 -4.964796717194937e-02
3.146152294596441e+01 2.995109404991956e+00 -5.124937630729593e-02
3.155271576609764e+01 2.990360886514695e+00 -5.290159377280102e-02
3.164390858623087e+01 2.985459323108049e+00 -5.460614661907699e-02
3.173510140636410e+01 2.980399871116639e+00 -5.636459917693178e-02
3.182629422649733e+01 2.975177542529130e+00 -5.817855305604853e-02
3.191748704663056e+01 2.969787201583113e+00 -6.004964702683089e-02
3.200867986676379e+01 2.964223561386636e+00 -6.197955677077013e-02
3.209987268689702e+01 2.958481180569104e+00 -6.396999448327692e-02
3.219106550703025e+01 2.952554459975778e+00 -6.602270831139069e-02
3.228225832716348e+01 2.946437639421824e+00 -6.813948160713083e-02
3.237345114729671e+01 2.940124794523620e+00 -7.032213197547547e-02
3.246464396742994e+01 2.933609833627135e+00 -7.257251009404282e-02
3.255583678756317e+01 2.926886494855277e+00 -7.489249827949908e-02
3.264702960769640e+01 2.919948343298557e+00 -7.728400877352343e-02
3.273822242782963e+01 2.912788768375952e+00 -7.974898171881717e-02
3.282941524796286e+01 2.905400981395688e+00 -8.228938279315171e-02
3.292060806809609e+01 2.897778013348673e+00 -8.490720046680456e-02
3.301180088822932e+01 2.889912712970620e+00 -8.760444284593803e-02
3.310299370836255e+01 2.881797745112433e+00 -9.038313406153087e-02
3.319418652849578e+01 2.873425589462257e+00 -9.324531016038959e-02
3.328537934862901e+01 2.864788539666704e+00 -9.619301445155182e-02
3.337657216876224e+01 2.855878702903170e+00 -9.922829225806178e-02
3.346776498889547e+01 2.846687999959889e+00 -1.023531850206719e-01
3.355895780902870e+01 2.837208165885382e+00 -1.055697236965266e-01
3.365015062916194e+01 2.827430751274332e+00 -1.088799213923522e-01
3.374134344929517e+01 2.817347124262581e+00 -1.122857651681492e-01
3.383253626942840e+01 2.806948473309943e+00 -1.157892069439170e-01
3.392372908956163e+01 2.796225810855839e+00 -1.193921534385951e-01
3.401492190969486e+01 2.785169977939350e+00 -1.230964550672633e-01
3.410611472982809e+01 2.773771649882175e+00 -1.269038937197917e-01
3.419730754996132e+01 2.762021343140098e+00 -1.308161693416854e-01
3.428850037009455e+01 2.749909423435873e+00 -1.348348852359545e-01
3.437969319022778e+01 2.737426115293925e+00 -1.389615320036068e-01
3.447088601036101e+01 2.724561513104776e+00 -1.431974700399856e-01
3.456207883049424e+01 2.711305593854656e+00 -1.475439105048546e-01
3.465327165062747e+01 2.697648231663155e+00 -1.520018946860931e-01
3.474446447076070e+01 2.683579214278930e+00 -1.565722716803633e-01
3.483565729089393e+01 2.669088261690246e+00 -1.612556743194390e-01
3.492685011102716e+01 2.654165047013328e+00 -1.660524932783504e-01
3.501804293116039e+01 2.638799219826840e+00 -1.709628493114615e-01
3.510923575129362e+01 2.622980432125231e+00 -1.759865635754307e-01
3.520042857142685e+01 2.606698367066641e+00 -1.811231260141188e-01
3.529162139156008e+01 2.589942770692541e+00 -1.863716618003383e-01
3.538281421169331e+01 2.572703486795619e+00 -1.917308958533321e-01
3.547400703182654e+01 2.554970495109480e+00 -1.971991154794855e-01
3.556519985195977e+01 2.536733952987870e+00 -2.027741312174769e-01
3.565639267209300e+01 2.517984240732000e+00 -2.084532360082969e-01
3.574758549222623e+01 2.498712010711545e+00 -2.142331628557181e-01
3.583877831235946e+01 2.478908240407502e+00 -2.201100411942242e-01
3.592997113249269e+01 2.458564289482702e+00 -2.260793522393627e-01
3.602116395262592e+01 2.437671960957806e+00 -2.321358836601122e-01
3.611235677275915e+01 2.416223566536440e+00 -2.382736839841201e-01
3.620354959289238e+01 2.394211996082180e+00 -2.444860172243466e-01
3.629474241302561e+01 2.371630791201750e+00 -2.507653182992655e-01
3.638593523315884e+01 2.348474222832633e+00 -2.571031499075326e-01
3.647712805329207e+01 2.324737372668807e+00 -2.634901616107955e-01
3.656832087342530e+01 2.300416218185257e+00 -2.699160519735282e-01
3.665951369355853e+01 2.275507720940149e+00 -2.763695347044005e-01
3.675070651369176e+01 2.250009917743108e+00 -2.828383098372106e-01
3.684189933382499e+01 2.223922014179338e+00 -2.893090410777363e-01
3.693309215395822e+01 2.197244479872834e+00 -2.957673405223558e-01
3.702428497409145e+01 2.169979144758910e+00 -3.021977620207689e-01
3.711547779422468e+01 2.142129295517785e+00 -3.085838045038876e-01
3.720667061435791e+01 2.113699771199169e+00 -3.149079266238093e-01
3.729786343449114e+01 2.084697056944835e+00 -3.211515740502409e-01
3.738905625462437e+01 2.055129374594931e+00 -3.272952207311436e-01
3.748024907475760e+01 2.025006768847723e+00 -3.333184253491189e-01
3.757144189489083e+01 1.994341187535278e+00 -3.391999040838545e-01
3.766263471502406e+01 1.963146554483760e+00 -3.449176206201889e-01
3.775382753515729e+01 1.931438833351128e+00 -3.504488941174010e-01
3.784502035529052e+01 1.899236080782062e+00 -3.557705255760337e-01
3.793621317542375e+01 1.866558487195036e+00 -3.608589427035848e-01
3.802740599555698e+01 1.833428403524507e+00 -3.656903629916997e-01
3.811859881569021e+01 1.799870352287047e+00 -3.702409742796552e-01
3.820979163582344e+01 1.765911021427938e+00 -3.744871315994723e-01
3.830098445595667e+01 1.731579239537698e+00 -3.784055685875732e-01
3.839217727608990e+01 1.696905931208394e+00 -3.819736212202961e-01
3.848337009622313e+01 1.661924051528265e+00 -3.851694611025798e-01
3.857456291635636e+01 1.626668498989267e+00 -3.879723350300944e-01
3.866575573648959e+01 1.591176006403009e+00 -3.903628070763914e-01
3.875694855662282e+01 1.555485009781450e+00 -3.923229990507568e-01
3.884814137675605e+01 1.519635495532900e+00 -3.938368248519379e-01
3.893933419688928e+01 1.483668826742617e+00 -3.948902140291720e-01
3.903052701702251e+01 1.447627549739831e+00 -3.954713197738720e-01
3.912171983715574e+01 1.411555182587389e+00 -3.955707066179598e-01
3.921291265728897e+01 1.375495987552880e+00 -3.951815133181273e-01
3.930410547742220e+01 1.339494730017230e+00 -3.942995867629612e-01
3.939529829755543e+01 1.303596426634311e+00 -3.929235832486861e-01
3.948649111768867e+01 1.267846085859766e+00 -3.910550341186377e-01
3.957768393782190e+01 1.232288444206892e+00 -3.886983735336254e-01
3.966887675795513e+01 1.196967701752039e+00 -3.858609270104277e-01
3.976006957808836e+01 1.161927260493863e+00 -3.825528603035001e-01
3.985126239822159e+01 1.127209469165365e+00 -3.787870891759790e-01
3.994245521835482e+01 1.092855378003567e+00 -3.745791515732748e-01
4.003364803848805e+01 1.058904506801032e+00 -3.699470446385394e-01
4.012484085862128e+01 1.025394629301509e+00 -3.649110298583316e-01
4.021603367875451e+01 9.923615766674920e-01 -3.594934103667798e-01
4.030722649888774e+01 9.598390623514205e-01 -3.537182850407431e-01
4.039841931902097e+01 9.278585302581226e-01 -3.476112844669419e-01
4.048961213915420e+01 8.964490276086706e-01 -3.411992941424817e-01
4.058080495928743e+01 8.656371034206408e-01 -3.345101703783943e-01
4.067199777942066e+01 8.354467330224924e-01 -3.275724543154670e-01
4.076319059955389e+01 8.058992685352868e-01 -3.204150892437225e-01
4.085438341968712e+01 7.770134147968981e-01 -3.130671460587097e-01
4.094557623982035e+01 7.488052297840279e-01 -3.055575612114936e-01
4.103676905995358e+01 7.212881482153598e-01 -2.979148909404638e-01
4.112796188008681e+01 6.944730267022431e-01 -2.901670849392570e-01
4.121915470022004e+01 6.683682085560770e-01 -2.823412819438557e-01
4.131034752035327e+01 6.429796061662428e-01 -2.744636290398210e-01
4.140154034048650e+01 6.183107987288723e-01 -2.665591258218689e-01
4.149273316061973e+01 5.943631430327546e-01 -2.586514939035991e-01
4.158392598075296e+01 5.711358949903090e-01 -2.507630716923455e-01
4.167511880088619e+01 5.486263396334603e-01 -2.429147338258804e-01
4.176631162101942e+01 5.268299273701352e-01 -2.351258342229793e-01
4.185750444115265e+01 5.057404144099719e-01 -2.274141713335213e-01
4.194869726128588e+01 4.853500054104828e-01 -2.197959738871450e-01
4.203989008141911e+01 4.656494965601331e-01 -2.122859052306399e-01
4.213108290155234e+01 4.466284174956655e-01 -2.048970842088063e-01
4.222227572168557e+01 4.282751706411205e-01 -1.976411204750897e-01
4.231346854181880e+01 4.105771667495905e-01 -1.905281621091378e-01
4.240466136195203e+01 3.935209556207896e-01 -1.835669534599787e-01
4.249585418208526e+01 3.770923511538082e-01 -1.767649012168875e-01
4.258704700221849e+01 3.612765500715256e-01 -1.701281468263878e-01
4.267823982235172e+01 3.460582438184694e-01 -1.636616435148282e-01
4.276943264248495e+01 3.314217232855359e-01 -1.573692363338422e-01
4.286062546261818e+01 3.173509761517185e-01 -1.512537438138358e-01
4.295181828275141e+01 3.038297767541903e-01 -1.453170399824488e-01
4.304301110288464e+01 2.908417685036326e-01 -1.395601356756899e-01
4.313420392301787e+01 2.783705389518862e-01 -1.339832582350608e-01
4.322539674315110e+01 2.663996876944373e-01 -1.285859288413068e-01
4.331658956328433e+01 2.549128873518105e-01 -1.233670368821124e-01
4.340778238341756e+01 2.438939379226742e-01 -1.183249108855184e-01
4.349897520355079e+01 2.333268148385303e-01 -1.134573856721159e-01
4.359016802368402e+01 2.231957110764812e-01 -1.087618654867795e-01
4.368136084381725e+01 2.134850737039949e-01 -1.042353829648599e-01
4.377255366395048e+01 2.041796352390202e-01 -9.987465386877355e-02
4.386374648408371e+01 1.952644402114365e-01 -9.567612759943614e-02
4.395493930421694e+01 1.867248673087345e-01 -9.163603354384713e-02
4.404613212435017e+01 1.785466474810554e-01 -8.775042336629835e-02
4.413732494448340e+01 1.707158783691773e-01 -8.401520938719348e-02
4.422851776461663e+01 1.632190354045749e-01 -8.042619922138435e-02
4.431971058474986e+01 1.560429799140197e-01 -7.697912686830838e-02
4.441090340488309e+01 1.491749645429732e-01 -7.366968046006322e-02
4.450209622501632e+01 1.426026362928145e-01 -7.049352688183814e-02
4.459328904514955e+01 1.363140374471885e-01 -6.744633348272944e-02
4.468448186528278e+01 1.302976046428698e-01 -6.452378709470930e-02
4.477567468541601e+01 1.245421663208055e-01 -6.172161057412755e-02
4.486686750554924e+01 1.190369387737057e-01 -5.903557707425308e-02
4.495806032568247e+01 1.137715209878774e-01 -5.646152224957434e-02
4.504925314581570e+01 1.087358884591036e-01 -5.399535458337253e-02
4.514044596594893e+01 1.039203861453638e-01 -5.163306401987501e-02
4.523163878608216e+01 9.931572070315037e-02 -4.937072907144834e-02
4.532283160621540e+01 9.491295213909785e-02 -4.720452256009480e-02
4.541402442634863e+01 9.070348499463513e-02 -4.513071614121657e-02
4.550521724648186e+01 8.667905916838832e-02 -4.314568374640336e-02
4.559641006661509e+01 8.283174046909446e-02 -4.124590407103535e-02
4.568760288674832e+01 7.915391098080027e-02 -3.942796222189436e-02
4.577879570688155e+01 7.563825931208275e-02 -3.768855062982827e-02
4.586998852701478e+01 7.227777079189107e-02 -3.602446932288073e-02
4.596118134714801e+01 6.906571766632856e-02 -3.443262564622095e-02
4.605237416728124e+01 6.599564934321010e-02 -3.291003350670973e-02
4.614356698741447e+01 6.306138272449917e-02 -3.145381221202807e-02
4.623475980754770e+01 6.025699266068926e-02 -3.006118496697000e-02
4.632595262768093e+01 5.757680255579838e-02 -2.872947708275215e-02
4.641714544781416e+01 5.501537514683762e-02 -2.745611394899948e-02
4.650833826794739e+01 5.256750347734935e-02 -2.623861881240714e-02
4.659953108808062e+01 5.022820208083559e-02 -2.507461040092607e-02
4.669072390821385e+01 4.799269838657234e-02 -2.396180042764534e-02
4.678191672834708e+01 4.585642435738411e-02 -2.289799100431692e-02
4.687310954848031e+01 4.381500836640002e-02 -2.188107199065858e-02
4.696430236861354e+01 4.186426731758759e-02 -2.090901830214578e-02
4.705549518874677e+01 4.000019901293209e-02 -1.997988719593481e-02
4.714668800888000e+01 3.821897476746556e-02 -1.909181555181728e-02
4.723788082901323e+01 3.651693227192184e-02 -1.824301716266225e-02
4.732907364914646e+01 3.489056870157692e-02 -1.743178004663061e-02
4.742026646927969e+01 3.333653406880278e-02 -1.665646379152179e-02
4.751145928941292e+01 3.185162481599769e-02 -1.591549693991128e-02
4.760265210954615e+01 3.043277764483601e-02 -1.520737442223856e-02
4.769384492967938e+01 2.907706357718903e-02 -1.453065504368685e-02
4.778503774981261e+01 2.778168224258950e-02 -1.388395902954162e-02
4.787623056994584e+01 2.654395638673206e-02 -1.326596563270628e-02
4.796742339007907e+01 2.536132659520756e-02 -1.267541080617513e-02
4.805861621021230e+01 2.423134622644925e-02 -1.211108494250203e-02
4.814980903034553e+01 2.315167654771364e-02 -1.157183068164499e-02
4.824100185047876e+01 2.212008206781964e-02 -1.105654078800031e-02
4.833219467061199e+01 2.113442606031807e-02 -1.056415609695477e-02
4.842338749074522e+01 2.019266627075281e-02 -1.009366353087134e-02
4.851458031087845e+01 1.929285080169930e-02 -9.644094184073601e-03
4.860577313101168e+01 1.843311416931922e-02 -9.214521476100277e-03
4.869696595114491e+01 1.761167352524850e-02 -8.804059372255807e-03
4.878815877127814e+01 1.682682503773384e-02 -8.411860670280664e-03
4.887935159141137e+01 1.607694042604822e-02 -8.037115351800073e-03
4.897054441154460e+01 1.536046364234435e-02 -7.679048997077532e-03
4.906173723167783e+01 1.467590769524434e-02 -7.336921261495504e-03
4.915293005181106e+01 1.402185160961160e-02 -7.010024412106129e-03
4.924412287194429e+01 1.339693751710481e-02 -6.697681922536649e-03
4.933531569207752e+01 1.279986787227227e-02 -6.399247124494084e-03
4.942650851221075e+01 1.222940278910614e-02 -6.114101914089356e-03
4.951770133234398e+01 1.168435749313916e-02 -5.841655511189947e-03
4.960889415247721e+01 1.116359988432963e-02 -5.581343270010361e-03
4.970008697261044e+01 1.066604820614345e-02 -5.332625539159494e-03
4.979127979274367e+01 1.019066881640368e-02 -5.094986569381716e-03
4.988247261287690e+01 9.736474055637849e-03 -4.867933467252939e-03
4.997366543301013e+01 9.302520208810217e-03 -4.650995193122783e-03

