# omega0=1, alpha=2
# theta0=3.14159, theta_dot0=0
# t_start=0, t_end=50, h=0.00911928
#   t          x(t)                 v(t)       
0  3.141590000000000e+00  0.000000000000000e+00
9.119282013323059e-02 3.141589989600384e+00 -2.215098850491526e-07
1.823856402664613e-01 3.141589960669349e+00 -4.077746757039041e-07
2.735784603996920e-01 3.141589916076375e+00 -5.660873720019183e-07
3.647712805329227e-01 3.141589858093398e+00 -7.023124499763378e-07
4.559641006661534e-01 3.141589788511717e+00 -8.211686370681526e-07
5.471569207993838e-01 3.141589708735753e+00 -9.264558272435804e-07
6.383497409326140e-01 3.141589619858235e+00 -1.021237175105380e-06
7.295425610658441e-01 3.141589522720473e+00 -1.107985226897773e-06
8.207353811990743e-01 3.141589417960679e+00 -1.188699195704541e-06
9.119282013323045e-01 3.141589306052681e+00 -1.264999083722841e-06
1.003121021465535e+00 3.141589187336931e+00 -1.338201227921534e-06
1.094313841598765e+00 3.141589062045334e+00 -1.409378940629302e-06
1.185506661731995e+00 3.141588930321112e+00 -1.479411191437981e-06
1.276699481865225e+00 3.141588792234672e+00 -1.549021694376640e-06
1.367892301998455e+00 3.141588647796286e+00 -1.618810297559646e-06
1.459085122131685e+00 3.141588496966191e+00 -1.689278197231845e-06
1.550277942264916e+00 3.141588339662636e+00 -1.760848197598264e-06
1.641470762398146e+00 3.141588175768250e+00 -1.833880996744671e-06
1.732663582531376e+00 3.141588005135096e+00 -1.908688284833146e-06
1.823856402664606e+00 3.141587827588639e+00 -1.985543285728128e-06
1.915049222797836e+00 3.141587642930849e+00 -2.064689248507378e-06
2.006242042931067e+00 3.141587450942619e+00 -2.146346295376209e-06
2.097434863064297e+00 3.141587251385605e+00 -2.230716951796089e-06
2.188627683197527e+00 3.141587044003625e+00 -2.317990620918575e-06
2.279820503330757e+00 3.141586828523681e+00 -2.408347212097000e-06
2.371013323463987e+00 3.141586604656689e+00 -2.501960092227470e-06
2.462206143597217e+00 3.141586372097958e+00 -2.598998495434071e-06
2.553398963730448e+00 3.141586130527477e+00 -2.699629499436286e-06
2.644591783863678e+00 3.141585879610035e+00 -2.804019656015839e-06
2.735784603996908e+00 3.141585618995202e+00 -2.912336345720838e-06
2.826977424130138e+00 3.141585348317204e+00 -3.024748912939839e-06
2.918170244263368e+00 3.141585067194697e+00 -3.141429626726554e-06
3.009363064396598e+00 3.141584775230462e+00 -3.262554503622328e-06
3.100555884529828e+00 3.141584472011032e+00 -3.388304021866091e-06
3.191748704663059e+00 3.141584157106251e+00 -3.518863750510001e-06
3.282941524796289e+00 3.141583830068788e+00 -3.654424912317079e-06
3.374134344929519e+00 3.141583490433598e+00 -3.795184895769799e-06
3.465327165062749e+00 3.141583137717335e+00 -3.941347728677047e-06
3.556519985195979e+00 3.141582771417726e+00 -4.093124523350974e-06
3.647712805329209e+00 3.141582391012909e+00 -4.250733901494330e-06
3.738905625462440e+00 3.141581995960727e+00 -4.414402405210864e-06
3.830098445595670e+00 3.141581585697986e+00 -4.584364899905432e-06
3.921291265728900e+00 3.141581159639681e+00 -4.760864973236290e-06
4.012484085862130e+00 3.141580717178181e+00 -4.944155333863431e-06
4.103676905995361e+00 3.141580257682376e+00 -5.134498213403567e-06
4.194869726128591e+00 3.141579780496794e+00 -5.332165773335917e-06
4.286062546261821e+00 3.141579284940678e+00 -5.537440519945314e-06
4.377255366395051e+00 3.141578770307016e+00 -5.750615728795139e-06
4.468448186528281e+00 3.141578235861548e+00 -5.971995880117635e-06
4.559641006661511e+00 3.141577680841717e+00 -6.201897106970492e-06
4.650833826794742e+00 3.141577104455588e+00 -6.440647657421281e-06
4.742026646927972e+00 3.141576505880724e+00 -6.688588371839051e-06
4.833219467061202e+00 3.141575884263012e+00 -6.946073176072179e-06
4.924412287194432e+00 3.141575238715446e+00 -7.213469592238305e-06
5.015605107327662e+00 3.141574568316866e+00 -7.491159267906694e-06
5.106797927460892e+00 3.141573872110644e+00 -7.779538524215152e-06
5.197990747594122e+00 3.141573149103320e+00 -8.079018924268836e-06
5.289183567727353e+00 3.141572398263182e+00 -8.390027863010445e-06
5.380376387860583e+00 3.141571618518802e+00 -8.713009178840044e-06
5.471569207993813e+00 3.141570808757500e+00 -9.048423788454943e-06
5.562762028127043e+00 3.141569967823763e+00 -9.396750345795722e-06
5.653954848260273e+00 3.141569094517589e+00 -9.758485926172679e-06
5.745147668393503e+00 3.141568187592786e+00 -1.013414673629493e-05
5.836340488526734e+00 3.141567245755181e+00 -1.052426885143499e-05
5.927533308659964e+00 3.141566267660783e+00 -1.092940898108962e-05
6.018726128793194e+00 3.141565251913862e+00 -1.135014526372569e-05
6.109918948926424e+00 3.141564197064959e+00 -1.178707809196768e-05
6.201111769059654e+00 3.141563101608813e+00 -1.224083096978126e-05
6.292304589192884e+00 3.141561963982218e+00 -1.271205140238593e-05
6.383497409326115e+00 3.141560782561793e+00 -1.320141182029902e-05
6.474690229459345e+00 3.141559555661659e+00 -1.370961053918039e-05
6.565883049592575e+00 3.141558281531041e+00 -1.423737275642239e-05
6.657075869725805e+00 3.141556958351765e+00 -1.478545158588595e-05
6.748268689859035e+00 3.141555584235666e+00 -1.535462913287282e-05
6.839461509992265e+00 3.141554157221892e+00 -1.594571761010888e-05
6.930654330125495e+00 3.141552675274104e+00 -1.655956049689771e-05
7.021847150258726e+00 3.141551136277575e+00 -1.719703374279521e-05
7.113039970391956e+00 3.141549538036171e+00 -1.785904701752174e-05
7.204232790525186e+00 3.141547878269213e+00 -1.854654500908206e-05
7.295425610658416e+00 3.141546154608227e+00 -1.926050877201185e-05
7.386618430791646e+00 3.141544364593563e+00 -2.000195712718608e-05
7.477811250924876e+00 3.141542505670883e+00 -2.077194811568082e-05
7.569004071058107e+00 3.141540575187522e+00 -2.157158050868803e-05
7.660196891191337e+00 3.141538570388692e+00 -2.240199537537694e-05
7.751389711324567e+00 3.141536488413563e+00 -2.326437771133117e-05
7.842582531457797e+00 3.141534326291174e+00 -2.415995812934714e-05
7.933775351591027e+00 3.141532080936191e+00 -2.509001461563596e-05
8.024968171724257e+00 3.141529749144512e+00 -2.605587435346072e-05
8.116160991857488e+00 3.141527327588689e+00 -2.705891561698604e-05
8.207353811990718e+00 3.141524812813180e+00 -2.810056973820739e-05
8.298546632123948e+00 3.141522201229421e+00 -2.918232314931942e-05
8.389739452257178e+00 3.141519489110703e+00 -3.030571950379505e-05
8.480932272390408e+00 3.141516672586853e+00 -3.147236187930072e-05
8.572125092523638e+00 3.141513747638714e+00 -3.268391506531784e-05
8.663317912656868e+00 3.141510710092410e+00 -3.394210793856575e-05
8.754510732790099e+00 3.141507555613384e+00 -3.524873593025764e-05
8.845703552923329e+00 3.141504279700222e+00 -3.660566358813811e-05
8.936896373056559e+00 3.141500877678220e+00 -3.801482723715000e-05
9.028089193189789e+00 3.141497344692721e+00 -3.947823774255233e-05
9.119282013323019e+00 3.141493675702182e+00 -4.099798337948599e-05
9.210474833456249e+00 3.141489865470982e+00 -4.257623281286205e-05
9.301667653589480e+00 3.141485908561952e+00 -4.421523819204945e-05
9.392860473722710e+00 3.141481799328615e+00 -4.591733836464713e-05
9.484053293855940e+00 3.141477531907127e+00 -4.768496221394885e-05
9.575246113989170e+00 3.141473100207912e+00 -4.952063212499884e-05
9.666438934122400e+00 3.141468497906970e+00 -5.142696758405398e-05
9.757631754255630e+00 3.141463718436855e+00 -5.340668891656292e-05
9.848824574388860e+00 3.141458754977300e+00 -5.546262116899151e-05
9.940017394522091e+00 3.141453600445487e+00 -5.759769814019278e-05
1.003121021465532e+01 3.141448247485942e+00 -5.981496656785502e-05
1.012240303478855e+01 3.141442688460033e+00 -6.211759047620339e-05
1.021359585492178e+01 3.141436915435075e+00 -6.450885569105733e-05
1.030478867505501e+01 3.141430920173008e+00 -6.699217452859286e-05
1.039598149518824e+01 3.141424694118641e+00 -6.957109066470776e-05
1.048717431532147e+01 3.141418228387442e+00 -7.224928419187322e-05
1.057836713545470e+01 3.141411513752866e+00 -7.503057687056376e-05
1.066955995558793e+01 3.141404540633184e+00 -7.791893758285069e-05
1.076075277572116e+01 3.141397299077807e+00 -8.091848799604082e-05
1.085194559585439e+01 3.141389778753096e+00 -8.403350844416959e-05
1.094313841598762e+01 3.141381968927606e+00 -8.726844403607064e-05
1.103433123612085e+01 3.141373858456780e+00 -9.062791099832315e-05
1.112552405625408e+01 3.141365435767040e+00 -9.411670326284280e-05
1.121671687638731e+01 3.141356688839277e+00 -9.773979930750206e-05
1.130790969652054e+01 3.141347605191693e+00 -1.015023692605446e-04
1.139910251665377e+01 3.141338171861998e+00 -1.054097822782335e-04
1.149029533678700e+01 3.141328375388905e+00 -1.094676142066035e-04
1.158148815692023e+01 3.141318201792926e+00 -1.136816555380951e-04
1.167268097705346e+01 3.141307636556422e+00 -1.180579196745360e-04
1.176387379718669e+01 3.141296664602886e+00 -1.226026515082169e-04
1.185506661731992e+01 3.141285270275429e+00 -1.273223363332561e-04
1.194625943745315e+01 3.141273437314438e+00 -1.322237091000044e-04
1.203745225758638e+01 3.141261148834373e+00 -1.373137640258227e-04
1.212864507771961e+01 3.141248387299674e+00 -1.425997645757259e-04
1.221983789785284e+01 3.141235134499734e+00 -1.480892538271482e-04
1.231103071798607e+01 3.141221371522915e+00 -1.537900652339307e-04
1.240222353811930e+01 3.141207078729563e+00 -1.597103338044496e-04
1.249341635825254e+01 3.141192235723979e+00 -1.658585077102343e-04
1.258460917838577e+01 3.141176821325316e+00 -1.722433603413085e-04
1.267580199851900e+01 3.141160813537354e+00 -1.788740028257189e-04
1.276699481865223e+01 3.141144189517111e+00 -1.857598970309872e-04
1.285818763878546e+01 3.141126925542250e+00 -1.929108690659650e-04
1.294938045891869e+01 3.141108996977220e+00 -2.003371233025712e-04
1.304057327905192e+01 3.141090378238111e+00 -2.080492569373275e-04
1.313176609918515e+01 3.141071042756137e+00 -2.160582751131066e-04
1.322295891931838e+01 3.141050962939728e+00 -2.243756066234486e-04
1.331415173945161e+01 3.141030110135155e+00 -2.330131202212927e-04
1.340534455958484e+01 3.141008454585646e+00 -2.419831415551377e-04
1.349653737971807e+01 3.140985965388915e+00 -2.512984707575847e-04
1.358773019985130e+01 3.140962610453073e+00 -2.609724007108471e-04
1.367892301998453e+01 3.140938356450827e+00 -2.710187360152642e-04
1.377011584011776e+01 3.140913168771928e+00 -2.814518126882508e-04
1.386130866025099e+01 3.140887011473779e+00 -2.922865186212085e-04
1.395250148038422e+01 3.140859847230145e+00 -3.035383148242359e-04
1.404369430051745e+01 3.140831637277894e+00 -3.152232574883945e-04
1.413488712065068e+01 3.140802341361677e+00 -3.273580208972577e-04
1.422607994078391e+01 3.140771917676488e+00 -3.399599212207110e-04
1.431727276091714e+01 3.140740322808005e+00 -3.530469412243069e-04
1.440846558105037e+01 3.140707511670644e+00 -3.666377559299915e-04
1.449965840118360e+01 3.140673437443218e+00 -3.807517592645780e-04
1.459085122131683e+01 3.140638051502128e+00 -3.954090917338863e-04
1.468204404145006e+01 3.140601303351974e+00 -4.106306691623329e-04
1.477323686158329e+01 3.140563140553504e+00 -4.264382125386864e-04
1.486442968171652e+01 3.140523508648779e+00 -4.428542790106883e-04
1.495562250184975e+01 3.140482351083471e+00 -4.599022940726843e-04
1.504681532198298e+01 3.140439609126148e+00 -4.776065849924678e-04
1.513800814211621e+01 3.140395221784483e+00 -4.959924155244491e-04
1.522920096224944e+01 3.140349125718206e+00 -5.150860219593179e-04
1.532039378238267e+01 3.140301255148724e+00 -5.349146505610901e-04
1.541158660251590e+01 3.140251541765260e+00 -5.555065964453507e-04
1.550277942264913e+01 3.140199914627373e+00 -5.768912439536667e-04
1.559397224278236e+01 3.140146300063728e+00 -5.990991085823261e-04
1.568516506291559e+01 3.140090621566970e+00 -6.221618805249134e-04
1.577635788304882e+01 3.140032799684557e+00 -6.461124698904707e-04
1.586755070318205e+01 3.139972751905375e+00 -6.709850536623910e-04
1.595874352331528e+01 3.139910392542006e+00 -6.968151244646721e-04
1.604993634344851e+01 3.139845632608453e+00 -7.236395412050877e-04
1.614112916358174e+01 3.139778379693165e+00 -7.514965816673078e-04
1.623232198371497e+01 3.139708537827166e+00 -7.804259971272895e-04
1.632351480384820e+01 3.139636007347117e+00 -8.104690690717830e-04
1.641470762398143e+01 3.139560684753103e+00 -8.416686680992164e-04
1.650590044411466e+01 3.139482462560946e+00 -8.740693150877460e-04
1.659709326424789e+01 3.139401229148830e+00 -9.077172447172455e-04
1.668828608438112e+01 3.139316868598028e+00 -9.426604714356437e-04
1.677947890451435e+01 3.139229260527499e+00 -9.789488579638361e-04
1.687067172464758e+01 3.139138279922108e+00 -1.016634186436703e-03
1.696186454478081e+01 3.139043796954250e+00 -1.055770232281563e-03
1.705305736491404e+01 3.138945676798593e+00 -1.096412840939551e-03
1.714425018504727e+01 3.138843779439703e+00 -1.138620007538598e-03
1.723544300518050e+01 3.138737959472257e+00 -1.182451959632166e-03
1.732663582531373e+01 3.138628065893565e+00 -1.227971243121167e-03
1.741782864544696e+01 3.138513941888118e+00 -1.275242811481340e-03
1.750902146558019e+01 3.138395424603832e+00 -1.324334118423274e-03
1.760021428571342e+01 3.138272344919681e+00 -1.375315214117177e-03
1.769140710584665e+01 3.138144527204398e+00 -1.428258845118506e-03
1.778259992597988e+01 3.138011789065879e+00 -1.483240558137377e-03
1.787379274611311e+01 3.137873941090944e+00 -1.540338807799059e-03
1.796498556624634e+01 3.137730786575091e+00 -1.599635068548697e-03
1.805617838637957e+01 3.137582121241842e+00 -1.661213950859331e-03
1.814737120651280e+01 3.137427732951288e+00 -1.725163321908349e-03
1.823856402664603e+01 3.137267401397429e+00 -1.791574430894038e-03
1.832975684677927e+01 3.137100897793859e+00 -1.860542039169517e-03
1.842094966691250e+01 3.136927984547362e+00 -1.932164555379463e-03
1.851214248704573e+01 3.136748414918944e+00 -2.006544175790925e-03
1.860333530717896e+01 3.136561932671822e+00 -2.083787030017421e-03
1.869452812731219e+01 3.136368271705887e+00 -2.164003332342801e-03
1.878572094744542e+01 3.136167155678080e+00 -2.247307538859025e-03
1.887691376757865e+01 3.135958297608182e+00 -2.333818510640745e-03
1.896810658771188e+01 3.135741399469431e+00 -2.423659683187200e-03
1.905929940784511e+01 3.135516151763397e+00 -2.516959242371390e-03
1.915049222797834e+01 3.135282233078502e+00 -2.613850307144691e-03
1.924168504811157e+01 3.135039309631565e+00 -2.714471119255039e-03
1.933287786824480e+01 3.134787034791710e+00 -2.818965240246590e-03
1.942407068837803e+01 3.134525048585973e+00 -2.927481756017936e-03
1.951526350851126e+01 3.134252977185894e+00 -3.040175489227587e-03
1.960645632864449e+01 3.133970432374376e+00 -3.157207219844676e-03
1.969764914877772e+01 3.133677010992043e+00 -3.278743914155161e-03
1.978884196891095e+01 3.133372294362315e+00 -3.404958962545228e-03
1.988003478904418e+01 3.133055847694394e+00 -3.536032426394256e-03
1.997122760917741e+01 3.132727219463300e+00 -3.672151294423358e-03
2.006242042931064e+01 3.132385940766088e+00 -3.813509748857309e-03
2.015361324944387e+01 3.132031524653325e+00 -3.960309441771629e-03
2.024480606957710e+01 3.131663465434903e+00 -4.112759782008821e-03
2.033599888971033e+01 3.131281237959172e+00 -4.271078233062777e-03
2.042719170984356e+01 3.130884296864401e+00 -4.435490622344371e-03
2.051838452997679e+01 3.130472075801505e+00 -4.606231462255890e-03
2.060957735011002e+01 3.130043986626927e+00 -4.783544283517410e-03
2.070077017024325e+01 3.129599418564555e+00 -4.967681981203791e-03
2.079196299037648e+01 3.129137737335487e+00 -5.158907173966833e-03
2.088315581050971e+01 3.128658284254405e+00 -5.357492576934417e-03
2.097434863064294e+01 3.128160375291313e+00 -5.563721388794505e-03
2.106554145077617e+01 3.127643300097309e+00 -5.777887693589742e-03
2.115673427090940e+01 3.127106320993015e+00 -6.000296877765988e-03
2.124792709104263e+01 3.126548671918268e+00 -6.231266063036919e-03
2.133911991117586e+01 3.125969557341587e+00 -6.471124555644284e-03
2.143031273130909e+01 3.125368151127908e+00 -6.720214312613060e-03
2.152150555144232e+01 3.124743595362991e+00 -6.978890425620324e-03
2.161269837157555e+01 3.124094999132884e+00 -7.247521623114846e-03
2.170389119170878e+01 3.123421437256738e+00 -7.526490791345282e-03
2.179508401184201e+01 3.122721948971214e+00 -7.816195514974728e-03
2.188627683197524e+01 3.121995536564682e+00 -8.117048637978484e-03
2.197746965210847e+01 3.121241163959303e+00 -8.429478845543148e-03
2.206866247224170e+01 3.120457755239071e+00 -8.753931267704235e-03
2.215985529237493e+01 3.119644193121792e+00 -9.090868105480054e-03
2.225104811250816e+01 3.118799317372894e+00 -9.440769280278774e-03
2.234224093264139e+01 3.117921923158935e+00 -9.804133107375249e-03
2.243343375277462e+01 3.117010759338567e+00 -1.018147699427280e-02
2.252462657290785e+01 3.116064526688639e+00 -1.057333816478307e-02
2.261581939304108e+01 3.115081876063075e+00 -1.098027440967438e-02
2.270701221317431e+01 3.114061406482048e+00 -1.140286486475478e-02
2.279820503330754e+01 3.113001663148918e+00 -1.184171081727101e-02
2.288939785344077e+01 3.111901135392296e+00 -1.229743654151710e-02
2.298059067357400e+01 3.110758254530560e+00 -1.277069016455772e-02
2.307178349370723e+01 3.109571391655996e+00 -1.326214456297971e-02
2.316297631384046e+01 3.108338855335722e+00 -1.377249829159114e-02
2.325416913397369e+01 3.107058889226431e+00 -1.430247654498940e-02
2.334536195410692e+01 3.105729669599905e+00 -1.485283215291903e-02
2.343655477424015e+01 3.104349302776191e+00 -1.542434661033410e-02
2.352774759437338e+01 3.102915822461221e+00 -1.601783114306852e-02
2.361894041450661e+01 3.101427186985595e+00 -1.663412781000169e-02
2.371013323463984e+01 3.099881276441161e+00 -1.727411064258290e-02
2.380132605477307e+01 3.098275889711935e+00 -1.793868682254632e-02
2.389251887490630e+01 3.096608741395858e+00 -1.862879789860901e-02
2.398371169503953e+01 3.094877458613789e+00 -1.934542104289308e-02
2.407490451517276e+01 3.093079577702087e+00 -2.008957034775216e-02
2.416609733530600e+01 3.091212540785062e+00 -2.086229816360684e-02
2.425729015543923e+01 3.089273692223537e+00 -2.166469647830469e-02
2.434848297557246e+01 3.087260274935716e+00 -2.249789833841279e-02
2.443967579570569e+01 3.085169426586512e+00 -2.336307931272660e-02
2.453086861583892e+01 3.082998175641487e+00 -2.426145899813093e-02
2.462206143597215e+01 3.080743437281534e+00 -2.519430256777794e-02
2.471325425610538e+01 3.078402009174458e+00 -2.616292236134841e-02
2.480444707623861e+01 3.075970567099634e+00 -2.716867951693349e-02
2.489563989637184e+01 3.073445660421977e+00 -2.821298564380983e-02
2.498683271650507e+01 3.070823707411536e+00 -2.929730453507853e-02
2.507802553663830e+01 3.068100990405153e+00 -3.042315391879177e-02
2.516921835677153e+01 3.065273650806728e+00 -3.159210724579535e-02
2.526041117690476e+01 3.062337683922864e+00 -3.280579551206515e-02
2.535160399703799e+01 3.059288933630851e+00 -3.406590911280381e-02
2.544279681717122e+01 3.056123086876252e+00 -3.537419972498265e-02
2.553398963730445e+01 3.052835667997660e+00 -3.673248221435681e-02
2.562518245743768e+01 3.049422032876610e+00 -3.814263656223749e-02
2.571637527757091e+01 3.045877362911090e+00 -3.960660980646596e-02
2.580756809770414e+01 3.042196658811650e+00 -4.112641799008683e-02
2.589876091783737e+01 3.038374734219730e+00 -4.270414811015321e-02
2.598995373797060e+01 3.034406209148598e+00 -4.434196005789713e-02
2.608114655810383e+01 3.030285503248130e+00 -4.604208854015319e-02
2.617233937823706e+01 3.026006828895662e+00 -4.780684497041386e-02
2.626353219837029e+01 3.021564184116269e+00 -4.963861931620311e-02
2.635472501850352e+01 3.016951345337144e+00 -5.153988188756313e-02
2.644591783863675e+01 3.012161859982216e+00 -5.351318504933294e-02
2.653711065876998e+01 3.007189038914826e+00 -5.556116483753682e-02
2.662830347890321e+01 3.002025948738218e+00 -5.768654245756783e-02
2.671949629903644e+01 2.996665403965737e+00 -5.989212563891957e-02
2.681068911916967e+01 2.991099959075097e+00 -6.218080981795930e-02
2.690188193930290e+01 2.985321900463841e+00 -6.455557911661423e-02
2.699307475943613e+01 2.979323238326208e+00 -6.701950708082714e-02
2.708426757956936e+01 2.973095698475139e+00 -6.957575713819072e-02
2.717546039970259e+01 2.966630714137063e+00 -7.222758272925293e-02
2.726665321983582e+01 2.959919417751502e+00 -7.497832706155949e-02
2.735784603996905e+01 2.952952632812447e+00 -7.783142242952078e-02
2.744903886010228e+01 2.945720865793938e+00 -8.079038903661664e-02
2.754023168023551e+01 2.938214298208397e+00 -8.385883324924015e-02
2.763142450036874e+01 2.930422778853079e+00 -8.704044520358549e-02
2.772261732050197e+01 2.922335816307517e+00 -9.033899567836537e-02
2.781381014063520e+01 2.913942571753282e+00 -9.375833213675784e-02
2.790500296076843e+01 2.905231852196570e+00 -9.730237383079604e-02
2.799619578090166e+01 2.896192104184423e+00 -1.009751058503978e-01
2.808738860103489e+01 2.886811408116635e+00 -1.047805719873635e-01
2.817858142116812e+01 2.877077473267800e+00 -1.087228662719415e-01
2.826977424130135e+01 2.866977633647573e+00 -1.128061230259782e-01
2.836096706143458e+01 2.856498844842055e+00 -1.170345052622573e-01
2.845215988156781e+01 2.845627681995490e+00 -1.214121912444503e-01
2.854335270170104e+01 2.834350339109045e+00 -1.259433590062224e-01
2.863454552183427e+01 2.822652629852624e+00 -1.306321686115970e-01
2.872573834196750e+01 2.810519990106237e+00 -1.354827419218505e-01
2.881693116210073e+01 2.797937482469691e+00 -1.404991396172140e-01
2.890812398223396e+01 2.784889803003042e+00 -1.456853352048089e-01
2.899931680236719e+01 2.771361290485518e+00 -1.510451857279258e-01
2.909050962250042e+01 2.757335938507311e+00 -1.565823988764558e-01
2.918170244263365e+01 2.742797410736626e+00 -1.623004961846058e-01
2.927289526276688e+01 2.727729059733569e+00 -1.682027719907075e-01
2.936408808290011e+01 2.712113949712473e+00 -1.742922478258613e-01
2.945528090303334e+01 2.695934883684893e+00 -1.805716218943985e-01
2.954647372316657e+01 2.679174435446163e+00 -1.870432133109519e-01
2.963766654329980e+01 2.661814986898684e+00 -1.937089007677777e-01
2.972885936343303e+01 2.643838771234074e+00 -2.005700553235517e-01
2.982005218356626e+01 2.625227922523353e+00 -2.076274670331259e-01
2.991124500369950e+01 2.605964532288072e+00 -2.148812651788505e-01
3.000243782383273e+01 2.586030713644726e+00 -2.223308319204975e-01
3.009363064396596e+01 2.565408673628229e+00 -2.299747092552103e-01
3.018482346409919e+01 2.544080794305926e+00 -2.378104992741361e-01
3.027601628423242e+01 2.522029723289635e+00 -2.458347578214855e-01
3.036720910436565e+01 2.499238474237093e+00 -2.540428818077836e-01
3.045840192449888e+01 2.475690537903481e+00 -2.624289906050863e-01
3.054959474463211e+01 2.451370004255364e+00 -2.709858021607552e-01
3.064078756476534e+01 2.426261696090544e+00 -2.797045047104766e-01
3.073198038489857e+01 2.400351314514429e+00 -2.885746252523650e-01
3.082317320503180e+01 2.373625596503345e+00 -2.975838962630534e-01
3.091436602516503e+01 2.346072484634158e+00 -3.067181224931695e-01
3.100555884529826e+01 2.317681308874449e+00 -3.159610500713339e-01
3.109675166543149e+01 2.288442980105105e+00 -3.252942405683690e-01
3.118794448556472e+01 2.258350194785219e+00 -3.346969531196917e-01
3.127913730569795e+01 2.227397649865722e+00 -3.441460381635684e-01
3.137033012583118e+01 2.195582266712771e+00 -3.536158468120579e-01
3.146152294596441e+01 2.162903422415294e+00 -3.630781603120013e-01
3.155271576609764e+01 2.129363186425971e+00 -3.725021444529475e-01
3.164390858623087e+01 2.094966560026296e+00 -3.818543341106209e-01
3.173510140636410e+01 2.059721715621671e+00 -3.910986533475302e-01
3.182629422649733e+01 2.023640232372399e+00 -4.001964765921000e-01
3.191748704663056e+01 1.986737324164669e+00 -4.091067363473860e-01
3.200867986676379e+01 1.949032055439534e+00 -4.177860826023319e-01
3.209987268689702e+01 1.910547539947920e+00 -4.261890985963547e-01
3.219106550703025e+01 1.871311117109826e+00 -4.342685767897853e-01
3.228225832716348e+01 1.831354500352265e+00 -4.419758577938563e-01
3.237345114729671e+01 1.790713891611413e+00 -4.492612336013302e-01
3.246464396742994e+01 1.749430056138434e+00 -4.560744147344052e-01
3.255583678756317e+01 1.707548351873221e+00 -4.623650589109931e-01
3.264702960769640e+01 1.665118707970640e+00 -4.680833565664574e-01
3.273822242782963e+01 1.622195547599507e+00 -4.731806661220363e-01
3.282941524796286e+01 1.578837650898219e+00 -4.776101893544116e-01
3.292060806809609e+01 1.535107954965791e+00 -4.813276747070670e-01
3.301180088822932e+01 1.491073288985189e+00 -4.842921340259566e-01
3.310299370836255e+01 1.446804043996368e+00 -4.864665561448744e-01
3.319418652849578e+01 1.402373778425158e+00 -4.878185991387826e-01
3.328537934862901e+01 1.357858762183505e+00 -4.883212420481656e-01
3.337657216876224e+01 1.313337463926689e+00 -4.879533765771520e-01
3.346776498889547e+01 1.268889987814475e+00 -4.867003197744570e-01
3.355895780902870e+01 1.224597467799422e+00 -4.845542300687099e-01
3.365015062916194e+01 1.180541428978437e+00 -4.815144112473210e-01
3.374134344929517e+01 1.136803126817182e+00 -4.775874919838885e-01
3.383253626942840e+01 1.093462876023204e+00 -4.727874722205357e-01
3.392372908956163e+01 1.050599381447090e+00 -4.671356319346285e-01
3.401492190969486e+01 1.008289083593225e+00 -4.606603023588220e-01
3.410611472982809e+01 9.666055311043319e-01 -4.533965043467711e-01
3.419730754996132e+01 9.256187919503814e-01 -4.453854630412723e-01
3.428850037009455e+01 8.853949140279936e-01 -4.366740120723253e-01
3.437969319022778e+01 8.459954445067764e-01 -4.273139039806787e-01
3.447088601036101e+01 8.074770156071548e-01 -4.173610462601645e-01
3.456207883049424e+01 7.698910026360545e-01 -4.068746842244854e-01
3.465327165062747e+01 7.332832581260589e-01 -3.959165527752005e-01
3.474446447076070e+01 6.976939239064597e-01 -3.845500190817964e-01
3.483565729089393e+01 6.631573209640412e-01 -3.728392372424132e-01
3.492685011102716e+01 6.297019151028043e-01 -3.608483342831955e-01
3.501804293116039e+01 5.973503547488497e-01 -3.486406445195304e-01
3.510923575129362e+01 5.661195758187375e-01 -3.362780065104023e-01
3.520042857142685e+01 5.360209674105314e-01 -3.238201337633108e-01
3.529162139156008e+01 5.070605912042166e-01 -3.113240671633219e-01
3.538281421169331e+01 4.792394468749918e-01 -2.988437139627625e-01
3.547400703182654e+01 4.525537755184832e-01 -2.864294752118800e-01
3.556519985195977e+01 4.269953930396874e-01 -2.741279608415154e-01
3.565639267209300e+01 4.025520456375316e-01 -2.619817893021609e-01
3.574758549222623e+01 3.792077798890170e-01 -2.500294667653443e-01
3.583877831235946e+01 3.569433204627009e-01 -2.383053394210392e-01
3.592997113249269e+01 3.357364491320480e-01 -2.268396113527569e-01
3.602116395262592e+01 3.155623794776249e-01 -2.156584198150005e-01
3.611235677275915e+01 2.963941224289039e-01 -2.047839594365059e-01
3.620354959289238e+01 2.782028385713155e-01 -1.942346468785903e-01
3.629474241302561e+01 2.609581739065305e-01 -1.840253177376031e-01
3.638593523315884e+01 2.446285764831214e-01 -1.741674479395452e-01
3.647712805329207e+01 2.291815919949613e-01 -1.646693924810277e-01
3.656832087342530e+01 2.145841370648051e-01 -1.555366350757135e-01
3.665951369355853e+01 2.008027494834256e-01 -1.467720430267388e-01
3.675070651369176e+01 1.878038151569962e-01 -1.383761224273224e-01
3.684189933382499e+01 1.755537719266590e-01 -1.303472695645128e-01
3.693309215395822e+01 1.640192907662918e-01 -1.226820151420166e-01
3.702428497409145e+01 1.531674351410946e-01 -1.153752586305670e-01
3.711547779422468e+01 1.429657995257303e-01 -1.084204906869914e-01
3.720667061435791e+01 1.333826282421703e-01 -1.018100021492906e-01
3.729786343449114e+01 1.243869158903400e-01 -9.553507861173385e-02
3.738905625462437e+01 1.159484907154784e-01 -8.958618001130009e-02
3.748024907475760e+01 1.080380822910638e-01 -8.395310501716188e-02
3.757144189489083e+01 1.006273749011243e-01 -7.862514031235585e-02
3.766263471502406e+01 9.368904798628130e-02 -7.359119509646865e-02
3.775382753515729e+01 8.719680497895416e-02 -6.883992132587742e-02
3.784502035529052e+01 8.112539179925771e-02 -6.435982034988413e-02
3.793621317542375e+01 7.545060621816180e-02 -6.013933670303780e-02
3.802740599555698e+01 7.014929922181085e-02 -5.616693988188835e-02
3.811859881569021e+01 6.519936943337845e-02 -5.243119497385078e-02
3.820979163582344e+01 6.057975156881719e-02 -4.892082302180686e-02
3.830098445595667e+01 5.627039982229275e-02 -4.562475200506331e-02
3.839217727608990e+01 5.225226699750483e-02 -4.253215929932395e-02
3.848337009622313e+01 4.850728012369551e-02 -3.963250644890057e-02
3.857456291635636e+01 4.501831322083667e-02 -3.691556704647093e-02
3.866575573648959e+01 4.176915780792541e-02 -3.437144847181409e-02
3.875694855662282e+01 3.874449168194564e-02 -3.199060819321023e-02
3.884814137675605e+01 3.592984643314769e-02 -2.976386528530386e-02
3.893933419688928e+01 3.331157410498316e-02 -2.768240776657750e-02
3.903052701702251e+01 3.087681335433127e-02 -2.573779630926079e-02
3.912171983715574e+01 2.861345541949113e-02 -2.392196482534815e-02
3.921291265728897e+01 2.651011015965790e-02 -2.222721838504796e-02
3.930410547742220e+01 2.455607239006239e-02 -2.064622887889104e-02
3.939529829755543e+01 2.274128870141162e-02 -1.917202879219450e-02
3.948649111768867e+01 2.105632492048146e-02 -1.779800342079717e-02
3.957768393782190e+01 1.949233434042260e-02 -1.651788182005064e-02
3.966887675795513e+01 1.804102682429001e-02 -1.532572674498375e-02
3.976006957808836e+01 1.669463886323070e-02 -1.421592380832049e-02
3.985126239822159e+01 1.544590465141323e-02 -1.318317005454000e-02
3.994245521835482e+01 1.428802822290703e-02 -1.222246212230905e-02
4.003364803848805e+01 1.321465668108817e-02 -1.132908414425691e-02
4.012484085862128e+01 1.221985453853871e-02 -1.049859551204996e-02
4.021603367875451e+01 1.129807917461177e-02 -9.726818615901314e-03
4.030722649888774e+01 1.044415740866306e-02 -9.009826650858740e-03
4.039841931902097e+01 9.653263179222380e-03 -8.343931567291556e-03
4.048961213915420e+01 8.920896312932929e-03 -7.725672229788576e-03
4.058080495928743e+01 8.242862361773358e-03 -7.151802837032682e-03
4.067199777942066e+01 7.615253482760034e-03 -6.619281644990391e-03
4.076319059955389e+01 7.034430330883401e-03 -6.125260026810489e-03
4.085438341968712e+01 6.497004933350340e-03 -5.667071895038014e-03
4.094557623982035e+01 5.999824511184562e-03 -5.242223504999871e-03
4.103676905995358e+01 5.539956212789598e-03 -4.848383652397397e-03
4.112796188008681e+01 5.114672723123816e-03 -4.483374273148707e-03
4.121915470022004e+01 4.721438711602737e-03 -4.145161449267638e-03
4.131034752035327e+01 4.357898081667566e-03 -3.831846820963154e-03
4.140154034048650e+01 4.021861985084182e-03 -3.541659402116719e-03
4.149273316061973e+01 3.711297564414467e-03 -3.272947793777119e-03
4.158392598075296e+01 3.424317387688356e-03 -3.024172788240004e-03
4.167511880088619e+01 3.159169540062257e-03 -2.793900354597699e-03
4.176631162101942e+01 2.914228338144228e-03 -2.580794995303276e-03
4.185750444115265e+01 2.687985633669602e-03 -2.383613462247068e-03
4.194869726128588e+01 2.479042674297434e-03 -2.201198820053684e-03
4.203989008141911e+01 2.286102490446657e-03 -2.032474843737832e-03
4.213108290155234e+01 2.107962778282372e-03 -1.876440737476416e-03
4.222227572168557e+01 1.943509250181490e-03 -1.732166161034526e-03
4.231346854181880e+01 1.791709425239371e-03 -1.598786550299684e-03
4.240466136195203e+01 1.651606833613728e-03 -1.475498718410192e-03
4.249585418208526e+01 1.522315609729286e-03 -1.361556724090911e-03
4.258704700221849e+01 1.403015450578615e-03 -1.256267994016410e-03
4.267823982235172e+01 1.292946916544523e-03 -1.158989686292771e-03
4.276943264248495e+01 1.191407053332186e-03 -1.069125282472761e-03
4.286062546261818e+01 1.097745314730555e-03 -9.861213958835360e-04
4.295181828275141e+01 1.011359767019149e-03 -9.094647844421074e-04
4.304301110288464e+01 9.316935568957302e-04 -8.386795565532945e-04
4.313420392301787e+01 8.582316258206533e-04 -7.733245591207327e-04
4.322539674315110e+01 7.904976546537019e-04 -7.129909371478235e-04
4.331658956328433e+01 7.280512233983287e-04 -6.572998548571433e-04
4.340778238341756e+01 6.704851717659775e-04 -6.059003687095210e-04
4.349897520355079e+01 6.174231471297966e-04 -5.584674431541766e-04
4.359016802368402e+01 5.685173272528224e-04 -5.147001003859840e-04
4.368136084381725e+01 5.234463059512993e-04 -4.743196958226594e-04
4.377255366395048e+01 4.819131305899849e-04 -4.370683114415033e-04
4.386374648408371e+01 4.436434810040756e-04 -4.027072595306387e-04
4.395493930421694e+01 4.083839801028608e-04 -3.710156898123026e-04
4.404613212435017e+01 3.759006270345945e-04 -3.417892932846917e-04
4.413732494448340e+01 3.459773443816315e-04 -3.148390965034919e-04
4.422851776461663e+01 3.184146314109434e-04 -2.899903403840681e-04
4.431971058474986e+01 2.930283159290627e-04 -2.670814379500953e-04
4.441090340488309e+01 2.696483977836889e-04 -2.459630057840673e-04
4.450209622501632e+01 2.481179775179983e-04 -2.264969642496378e-04
4.459328904514955e+01 2.282922641195152e-04 -2.085557018552878e-04
4.468448186528278e+01 2.100376562145758e-04 -1.920212994135714e-04
4.477567468541601e+01 1.932308914432812e-04 -1.767848099204943e-04
4.486686750554924e+01 1.777582591097044e-04 -1.627455903357625e-04
4.495806032568247e+01 1.635148715392418e-04 -1.498106816871330e-04
4.504925314581570e+01 1.504039898906303e-04 -1.378942341513231e-04
4.514044596594893e+01 1.383364004654507e-04 -1.269169739803770e-04
4.523163878608216e+01 1.272298378340803e-04 -1.168057093465289e-04
4.532283160621540e+01 1.170084513551133e-04 -1.074928723709404e-04
4.541402442634863e+01 1.076023119063062e-04 -9.891609478273697e-05
4.550521724648186e+01 9.894695587013294e-05 -9.101781482502572e-05
4.559641006661509e+01 9.098296362700308e-05 -8.374491318455719e-05
4.568760288674832e+01 8.365557000502733e-05 -7.704837587188947e-05
4.577879570688155e+01 7.691430431777905e-05 -7.088298211981615e-05
4.586998852701478e+01 7.071265779161696e-05 -6.520701549991129e-05
4.596118134714801e+01 6.500777634259108e-05 -5.998199658078698e-05
4.605237416728124e+01 5.976017681048996e-05 -5.517243556750705e-05
4.614356698741447e+01 5.493348489490079e-05 -5.074560346998849e-05
4.623475980754770e+01 5.049419316590918e-05 -4.667132044957128e-05
4.632595262768093e+01 4.641143764088204e-05 -4.292176008765123e-05
4.641714544781416e+01 4.265679152924549e-05 -3.947126840873500e-05
4.650833826794739e+01 3.920407484984120e-05 -3.629619657286338e-05
4.659953108808062e+01 3.602917872083916e-05 -3.337474622940842e-05
4.669072390821385e+01 3.310990321079177e-05 -3.068682659612022e-05
4.678191672834708e+01 3.042580772169090e-05 -2.821392239429798e-05
4.687310954848031e+01 2.795807295126748e-05 -2.593897183339175e-05
4.696430236861354e+01 2.568937355265503e-05 -2.384625389649143e-05
4.705549518874677e+01 2.360376067530184e-05 -2.192128423230269e-05
4.714668800888000e+01 2.168655363201587e-05 -2.015071900959954e-05
4.723788082901323e+01 1.992423999359217e-05 -1.852226613702565e-05
4.732907364914646e+01 1.830438346491387e-05 -1.702460329471816e-05
4.742026646927969e+01 1.681553894502514e-05 -1.564730226476508e-05
4.751145928941292e+01 1.544717421871583e-05 -1.438075908518356e-05
4.760265210954615e+01 1.418959776888755e-05 -1.321612958711149e-05
4.769384492967938e+01 1.303389223762252e-05 -1.214526990741927e-05
4.778503774981261e+01 1.197185309967104e-05 -1.116068159913955e-05
4.787623056994584e+01 1.099593214521398e-05 -1.025546099013899e-05
4.796742339007907e+01 1.009918539943506e-05 -9.423252466465412e-06
4.805861621021230e+01 9.275225134830355e-06 -8.658205380934697e-06
4.814980903034553e+01 8.518175658455669e-06 -7.954934309904119e-06
4.824100185047876e+01 7.822632580619147e-06 -7.308482401934683e-06
4.833219467061199e+01 7.183625294010827e-06 -6.714287581287033e-06
4.842338749074522e+01 6.596582413054773e-06 -6.168151387030463e-06
4.851458031087845e+01 6.057299942497819e-06 -5.666210245071446e-06
4.860577313101168e+01 5.561911962026025e-06 -5.204908985719274e-06
4.869696595114491e+01 5.106863630132972e-06 -4.780976433588453e-06
4.878815877127814e+01 4.688886325652167e-06 -4.391402909770829e-06
4.887935159141137e+01 4.304974759401200e-06 -4.033419498370065e-06
4.897054441154460e+01 3.952365901353557e-06 -3.704478940747157e-06
4.906173723167783e+01 3.628519580734451e-06 -3.402238031243150e-06
4.915293005181106e+01 3.331100627503480e-06 -3.124541397784826e-06
4.924412287194429e+01 3.057962433907497e-06 -2.869406559697413e-06
4.933531569207752e+01 2.807131824225351e-06 -2.635010163297679e-06
4.942650851221075e+01 2.576795129540770e-06 -2.419675303470102e-06
4.951770133234398e+01 2.365285372424982e-06 -2.221859846483515e-06
4.960889415247721e+01 2.171070473837367e-06 -2.040145675827922e-06
4.970008697261044e+01 1.992742401407001e-06 -1.873228788880271e-06
4.979127979274367e+01 1.829007184583880e-06 -1.719910177780353e-06
4.988247261287690e+01 1.678675727985883e-06 -1.579087433047304e-06
4.997366543301013e+01 1.540655359653308e-06 -1.449747013225130e-06

