# omega0=1, alpha=10
# theta0=3.14159, theta_dot0=0
# t_start=0, t_end=50, h=0.00911928
#   t          x(t)                 v(t)       
0  3.141590000000000e+00  0.000000000000000e+00
9.119282013323059e-02 3.141589991670895e+00 -1.589683916068843e-07
1.823856402664613e-01 3.141589973792339e+00 -2.237016580575373e-07
2.735784603996920e-01 3.141589951979696e+00 -2.509294527248608e-07
3.647712805329227e-01 3.141589928467453e+00 -2.632381052979056e-07
4.559641006661534e-01 3.141589904144037e+00 -2.696202037328699e-07
5.471569207993838e-01 3.141589879361941e+00 -2.736561567392206e-07
6.383497409326140e-01 3.141589854260278e+00 -2.767715816867514e-07
7.295425610658441e-01 3.141589828893190e+00 -2.795341935368193e-07
8.207353811990743e-01 3.141589803280980e+00 -2.821701451194935e-07
9.119282013323045e-01 3.141589777430467e+00 -2.847696016520501e-07
1.003121021465535e+00 3.141589751343088e+00 -2.873685876723295e-07
1.094313841598765e+00 3.141589725018129e+00 -2.899815734477714e-07
1.185506661731995e+00 3.141589698454005e+00 -2.926144487756446e-07
1.276699481865225e+00 3.141589671648774e+00 -2.952696885257420e-07
1.367892301998455e+00 3.141589644600340e+00 -2.979484090112102e-07
1.459085122131685e+00 3.141589617306533e+00 -3.006511869138746e-07
1.550277942264916e+00 3.141589589765139e+00 -3.033783852984917e-07
1.641470762398146e+00 3.141589561973921e+00 -3.061302833147260e-07
1.732663582531376e+00 3.141589533930614e+00 -3.089071279553617e-07
1.823856402664606e+00 3.141589505632931e+00 -3.117091546491840e-07
1.915049222797836e+00 3.141589477078568e+00 -3.145365954568716e-07
2.006242042931067e+00 3.141589448265194e+00 -3.173896823340540e-07
2.097434863064297e+00 3.141589419190461e+00 -3.202686484997639e-07
2.188627683197527e+00 3.141589389851998e+00 -3.231737289127927e-07
2.279820503330757e+00 3.141589360247413e+00 -3.261051605657648e-07
2.371013323463987e+00 3.141589330374291e+00 -3.290631825384301e-07
2.462206143597217e+00 3.141589300230197e+00 -3.320480360599648e-07
2.553398963730448e+00 3.141589269812674e+00 -3.350599644551466e-07
2.644591783863678e+00 3.141589239119240e+00 -3.380992133145121e-07
2.735784603996908e+00 3.141589208147395e+00 -3.411660304458618e-07
2.826977424130138e+00 3.141589176894610e+00 -3.442606659327158e-07
2.918170244263368e+00 3.141589145358339e+00 -3.473833721447319e-07
3.009363064396598e+00 3.141589113536011e+00 -3.505344036666661e-07
3.100555884529828e+00 3.141589081425030e+00 -3.537140174374205e-07
3.191748704663059e+00 3.141589049022777e+00 -3.569224726933202e-07
3.282941524796289e+00 3.141589016326611e+00 -3.601600311188122e-07
3.374134344929519e+00 3.141588983333866e+00 -3.634269566579653e-07
3.465327165062749e+00 3.141588950041852e+00 -3.667235157134100e-07
3.556519985195979e+00 3.141588916447853e+00 -3.700499770674334e-07
3.647712805329209e+00 3.141588882549132e+00 -3.734066119815605e-07
3.738905625462440e+00 3.141588848342924e+00 -3.767936941078762e-07
3.830098445595670e+00 3.141588813826439e+00 -3.802114996415639e-07
3.921291265728900e+00 3.141588778996863e+00 -3.836603072778767e-07
4.012484085862130e+00 3.141588743851357e+00 -3.871403982196856e-07
4.103676905995361e+00 3.141588708387055e+00 -3.906520562051733e-07
4.194869726128591e+00 3.141588672601064e+00 -3.941955676030220e-07
4.286062546261821e+00 3.141588636490467e+00 -3.977712213673133e-07
4.377255366395051e+00 3.141588600052319e+00 -4.013793090328183e-07
4.468448186528281e+00 3.141588563283649e+00 -4.050201248302602e-07
4.559641006661511e+00 3.141588526181460e+00 -4.086939655465104e-07
4.650833826794742e+00 3.141588488742726e+00 -4.124011307889140e-07
4.742026646927972e+00 3.141588450964394e+00 -4.161419228291768e-07
4.833219467061202e+00 3.141588412843384e+00 -4.199166467033690e-07
4.924412287194432e+00 3.141588374376587e+00 -4.237256102289050e-07
5.015605107327662e+00 3.141588335560868e+00 -4.275691239381925e-07
5.106797927460892e+00 3.141588296393059e+00 -4.314475012364893e-07
5.197990747594122e+00 3.141588256869970e+00 -4.353610583312413e-07
5.289183567727353e+00 3.141588216988375e+00 -4.393101144056705e-07
5.380376387860583e+00 3.141588176745024e+00 -4.432949914487969e-07
5.471569207993813e+00 3.141588136136636e+00 -4.473160143442143e-07
5.562762028127043e+00 3.141588095159898e+00 -4.513735109717163e-07
5.653954848260273e+00 3.141588053811470e+00 -4.554678121840814e-07
5.745147668393503e+00 3.141588012087981e+00 -4.595992518228342e-07
5.836340488526734e+00 3.141587969986027e+00 -4.637681667600591e-07
5.927533308659964e+00 3.141587927502177e+00 -4.679748969474850e-07
6.018726128793194e+00 3.141587884632966e+00 -4.722197853745810e-07
6.109918948926424e+00 3.141587841374899e+00 -4.765031781506001e-07
6.201111769059654e+00 3.141587797724449e+00 -4.808254245431945e-07
6.292304589192884e+00 3.141587753678055e+00 -4.851868770170413e-07
6.383497409326115e+00 3.141587709232126e+00 -4.895878912114824e-07
6.474690229459345e+00 3.141587664383039e+00 -4.940288259556566e-07
6.565883049592575e+00 3.141587619127137e+00 -4.985100433699751e-07
6.657075869725805e+00 3.141587573460730e+00 -5.030319088014546e-07
6.748268689859035e+00 3.141587527380093e+00 -5.075947910144973e-07
6.839461509992265e+00 3.141587480881471e+00 -5.121990620415543e-07
6.930654330125495e+00 3.141587433961070e+00 -5.168450972904993e-07
7.021847150258726e+00 3.141587386615066e+00 -5.215332756242414e-07
7.113039970391956e+00 3.141587338839598e+00 -5.262639792407738e-07
7.204232790525186e+00 3.141587290630770e+00 -5.310375939547460e-07
7.295425610658416e+00 3.141587241984650e+00 -5.358545090064718e-07
7.386618430791646e+00 3.141587192897274e+00 -5.407151171577219e-07
7.477811250924876e+00 3.141587143364638e+00 -5.456198147151660e-07
7.569004071058107e+00 3.141587093382703e+00 -5.505690015929866e-07
7.660196891191337e+00 3.141587042947394e+00 -5.555630813694486e-07
7.751389711324567e+00 3.141586992054598e+00 -5.606024612668693e-07
7.842582531457797e+00 3.141586940700166e+00 -5.656875521521467e-07
7.933775351591027e+00 3.141586888879909e+00 -5.708187686983701e-07
8.024968171724257e+00 3.141586836589604e+00 -5.759965293022515e-07
8.116160991857488e+00 3.141586783824986e+00 -5.812212561189410e-07
8.207353811990718e+00 3.141586730581753e+00 -5.864933751707901e-07
8.298546632123948e+00 3.141586676855563e+00 -5.918133163604572e-07
8.389739452257178e+00 3.141586622642035e+00 -5.971815134869130e-07
8.480932272390408e+00 3.141586567936750e+00 -6.025984042246646e-07
8.572125092523638e+00 3.141586512735246e+00 -6.080644303076591e-07
8.663317912656868e+00 3.141586457033022e+00 -6.135800374119979e-07
8.754510732790099e+00 3.141586400825537e+00 -6.191456752762921e-07
8.845703552923329e+00 3.141586344108207e+00 -6.247617976834132e-07
8.936896373056559e+00 3.141586286876408e+00 -6.304288625660803e-07
9.028089193189789e+00 3.141586229125473e+00 -6.361473320854955e-07
9.119282013323019e+00 3.141586170850692e+00 -6.419176724776137e-07
9.210474833456249e+00 3.141586112047316e+00 -6.477403542563717e-07
9.301667653589480e+00 3.141586052710549e+00 -6.536158521226919e-07
9.392860473722710e+00 3.141585992835551e+00 -6.595446452289063e-07
9.484053293855940e+00 3.141585932417442e+00 -6.655272170133895e-07
9.575246113989170e+00 3.141585871451294e+00 -6.715640553067521e-07
9.666438934122400e+00 3.141585809932137e+00 -6.776556522944731e-07
9.757631754255630e+00 3.141585747854955e+00 -6.838025046996142e-07
9.848824574388860e+00 3.141585685214685e+00 -6.900051137373657e-07
9.940017394522091e+00 3.141585622006220e+00 -6.962639851588523e-07
1.003121021465532e+01 3.141585558224407e+00 -7.025796292954333e-07
1.012240303478855e+01 3.141585493864044e+00 -7.089525611475398e-07
1.021359585492178e+01 3.141585428919883e+00 -7.153833003353289e-07
1.030478867505501e+01 3.141585363386630e+00 -7.218723712483090e-07
1.039598149518824e+01 3.141585297258940e+00 -7.284203029540291e-07
1.048717431532147e+01 3.141585230531421e+00 -7.350276293746171e-07
1.057836713545470e+01 3.141585163198634e+00 -7.416948892713639e-07
1.066955995558793e+01 3.141585095255087e+00 -7.484226262574516e-07
1.076075277572116e+01 3.141585026695240e+00 -7.552113889390654e-07
1.085194559585439e+01 3.141584957513503e+00 -7.620617308858039e-07
1.094313841598762e+01 3.141584887704235e+00 -7.689742106424504e-07
1.103433123612085e+01 3.141584817261743e+00 -7.759493918597307e-07
1.112552405625408e+01 3.141584746180285e+00 -7.829878433017066e-07
1.121671687638731e+01 3.141584674454064e+00 -7.900901388402860e-07
1.130790969652054e+01 3.141584602077231e+00 -7.972568575905369e-07
1.139910251665377e+01 3.141584529043885e+00 -8.044885839703361e-07
1.149029533678700e+01 3.141584455348072e+00 -8.117859075936812e-07
1.158148815692023e+01 3.141584380983781e+00 -8.191494234908154e-07
1.167268097705346e+01 3.141584305944950e+00 -8.265797320659649e-07
1.176387379718669e+01 3.141584230225459e+00 -8.340774391986687e-07
1.185506661731992e+01 3.141584153819133e+00 -8.416431563255883e-07
1.194625943745315e+01 3.141584076719745e+00 -8.492775002737122e-07
1.203745225758638e+01 3.141583998921007e+00 -8.569810935131063e-07
1.212864507771961e+01 3.141583920416575e+00 -8.647545641483966e-07
1.221983789785284e+01 3.141583841200049e+00 -8.725985460915085e-07
1.231103071798607e+01 3.141583761264967e+00 -8.805136789315283e-07
1.240222353811930e+01 3.141583680604815e+00 -8.885006080372408e-07
1.249341635825254e+01 3.141583599213013e+00 -8.965599846506790e-07
1.258460917838577e+01 3.141583517082926e+00 -9.046924659430638e-07
1.267580199851900e+01 3.141583434207857e+00 -9.128987150017336e-07
1.276699481865223e+01 3.141583350581046e+00 -9.211794010169787e-07
1.285818763878546e+01 3.141583266195677e+00 -9.295351992030889e-07
1.294938045891869e+01 3.141583181044869e+00 -9.379667908301415e-07
1.304057327905192e+01 3.141583095121678e+00 -9.464748634076697e-07
1.313176609918515e+01 3.141583008419099e+00 -9.550601106170272e-07
1.322295891931838e+01 3.141582920930062e+00 -9.637232325528550e-07
1.331415173945161e+01 3.141582832647432e+00 -9.724649356129725e-07
1.340534455958484e+01 3.141582743564012e+00 -9.812859325585363e-07
1.349653737971807e+01 3.141582653672536e+00 -9.901869426979756e-07
1.358773019985130e+01 3.141582562965677e+00 -9.991686917988894e-07
1.367892301998453e+01 3.141582471436038e+00 -1.008231912165908e-06
1.377011584011776e+01 3.141582379076155e+00 -1.017377342842448e-06
1.386130866025099e+01 3.141582285878498e+00 -1.026605729511909e-06
1.395250148038422e+01 3.141582191835467e+00 -1.035917824684502e-06
1.404369430051745e+01 3.141582096939395e+00 -1.045314387605615e-06
1.413488712065068e+01 3.141582001182543e+00 -1.054796184515785e-06
1.422607994078391e+01 3.141581904557103e+00 -1.064363988556518e-06
1.431727276091714e+01 3.141581807055197e+00 -1.074018579849506e-06
1.440846558105037e+01 3.141581708668875e+00 -1.083760745638474e-06
1.449965840118360e+01 3.141581609390114e+00 -1.093591280261009e-06
1.459085122131683e+01 3.141581509210819e+00 -1.103510985335399e-06
1.468204404145006e+01 3.141581408122821e+00 -1.113520669670870e-06
1.477323686158329e+01 3.141581306117879e+00 -1.123621149484809e-06
1.486442968171652e+01 3.141581203187673e+00 -1.133813248312558e-06
1.495562250184975e+01 3.141581099323813e+00 -1.144097797261835e-06
1.504681532198298e+01 3.141580994517828e+00 -1.154475634893856e-06
1.513800814211621e+01 3.141580888761174e+00 -1.164947607384624e-06
1.522920096224944e+01 3.141580782045226e+00 -1.175514568631333e-06
1.532039378238267e+01 3.141580674361284e+00 -1.186177380253948e-06
1.541158660251590e+01 3.141580565700566e+00 -1.196936911676844e-06
1.550277942264913e+01 3.141580456054212e+00 -1.207794040267213e-06
1.559397224278236e+01 3.141580345413282e+00 -1.218749651290658e-06
1.568516506291559e+01 3.141580233768755e+00 -1.229804638026271e-06
1.577635788304882e+01 3.141580121111528e+00 -1.240959901933824e-06
1.586755070318205e+01 3.141580007432413e+00 -1.252216352556741e-06
1.595874352331528e+01 3.141579892722143e+00 -1.263574907747823e-06
1.604993634344851e+01 3.141579776971363e+00 -1.275036493669341e-06
1.614112916358174e+01 3.141579660170635e+00 -1.286602044890205e-06
1.623232198371497e+01 3.141579542310437e+00 -1.298272504466776e-06
1.632351480384820e+01 3.141579423381156e+00 -1.310048823965097e-06
1.641470762398143e+01 3.141579303373097e+00 -1.321931963645374e-06
1.650590044411466e+01 3.141579182276473e+00 -1.333922892454236e-06
1.659709326424789e+01 3.141579060081411e+00 -1.346022588073517e-06
1.668828608438112e+01 3.141578936777945e+00 -1.358232037193263e-06
1.677947890451435e+01 3.141578812356024e+00 -1.370552235319437e-06
1.687067172464758e+01 3.141578686805501e+00 -1.382984187026120e-06
1.696186454478081e+01 3.141578560116139e+00 -1.395528905993893e-06
1.705305736491404e+01 3.141578432277608e+00 -1.408187415119637e-06
1.714425018504727e+01 3.141578303279486e+00 -1.420960746522750e-06
1.723544300518050e+01 3.141578173111252e+00 -1.433849941746007e-06
1.732663582531373e+01 3.141578041762292e+00 -1.446856051796213e-06
1.741782864544696e+01 3.141577909221899e+00 -1.459980137144560e-06
1.750902146558019e+01 3.141577775479262e+00 -1.473223267947096e-06
1.760021428571342e+01 3.141577640523479e+00 -1.486586524004693e-06
1.769140710584665e+01 3.141577504343544e+00 -1.500070994932290e-06
1.778259992597988e+01 3.141577366928352e+00 -1.513677780293927e-06
1.787379274611311e+01 3.141577228266700e+00 -1.527407989593368e-06
1.796498556624634e+01 3.141577088347283e+00 -1.541262742304970e-06
1.805617838637957e+01 3.141576947158689e+00 -1.555243168155081e-06
1.814737120651280e+01 3.141576804689408e+00 -1.569350407119316e-06
1.823856402664603e+01 3.141576660927821e+00 -1.583585609488251e-06
1.832975684677927e+01 3.141576515862208e+00 -1.597949935977760e-06
1.842094966691250e+01 3.141576369480739e+00 -1.612444557822633e-06
1.851214248704573e+01 3.141576221771477e+00 -1.627070656978336e-06
1.860333530717896e+01 3.141576072722382e+00 -1.641829425973958e-06
1.869452812731219e+01 3.141575922321297e+00 -1.656722068215322e-06
1.878572094744542e+01 3.141575770555959e+00 -1.671749798095671e-06
1.887691376757865e+01 3.141575617413995e+00 -1.686913840930445e-06
1.896810658771188e+01 3.141575462882917e+00 -1.702215433147011e-06
1.905929940784511e+01 3.141575306950124e+00 -1.717655822435975e-06
1.915049222797834e+01 3.141575149602903e+00 -1.733236267784137e-06
1.924168504811157e+01 3.141574990828421e+00 -1.748958039639396e-06
1.933287786824480e+01 3.141574830613735e+00 -1.764822419926297e-06
1.942407068837803e+01 3.141574668945780e+00 -1.780830702201951e-06
1.951526350851126e+01 3.141574505811374e+00 -1.796984191806863e-06
1.960645632864449e+01 3.141574341197214e+00 -1.813284205829334e-06
1.969764914877772e+01 3.141574175089879e+00 -1.829732073378073e-06
1.978884196891095e+01 3.141574007475823e+00 -1.846329135607026e-06
1.988003478904418e+01 3.141573838341380e+00 -1.863076745831125e-06
1.997122760917741e+01 3.141573667672759e+00 -1.879976269671850e-06
2.006242042931064e+01 3.141573495456045e+00 -1.897029084994273e-06
2.015361324944387e+01 3.141573321677194e+00 -1.914236582322043e-06
2.024480606957710e+01 3.141573146322036e+00 -1.931600164759360e-06
2.033599888971033e+01 3.141572969376273e+00 -1.949121248099598e-06
2.042719170984356e+01 3.141572790825478e+00 -1.966801260999053e-06
2.051838452997679e+01 3.141572610655091e+00 -1.984641645071824e-06
2.060957735011002e+01 3.141572428850421e+00 -2.002643854983003e-06
2.070077017024325e+01 3.141572245396646e+00 -2.020809358657495e-06
2.079196299037648e+01 3.141572060278805e+00 -2.039139637237142e-06
2.088315581050971e+01 3.141571873481804e+00 -2.057636185406014e-06
2.097434863064294e+01 3.141571684990412e+00 -2.076300511334173e-06
2.106554145077617e+01 3.141571494789261e+00 -2.095134136868612e-06
2.115673427090940e+01 3.141571302862838e+00 -2.114138597758093e-06
2.124792709104263e+01 3.141571109195498e+00 -2.133315443599273e-06
2.133911991117586e+01 3.141570913771448e+00 -2.152666237974366e-06
2.143031273130909e+01 3.141570716574753e+00 -2.172192558789933e-06
2.152150555144232e+01 3.141570517589333e+00 -2.191895998229112e-06
2.161269837157555e+01 3.141570316798965e+00 -2.211778162867649e-06
2.170389119170878e+01 3.141570114187274e+00 -2.231840673870004e-06
2.179508401184201e+01 3.141569909737743e+00 -2.252085167097970e-06
2.188627683197524e+01 3.141569703433698e+00 -2.272513293241746e-06
2.197746965210847e+01 3.141569495258318e+00 -2.293126718072096e-06
2.206866247224170e+01 3.141569285194629e+00 -2.313927122385601e-06
2.215985529237493e+01 3.141569073225503e+00 -2.334916202188870e-06
2.225104811250816e+01 3.141568859333655e+00 -2.356095668873126e-06
2.234224093264139e+01 3.141568643501647e+00 -2.377467249427815e-06
2.243343375277462e+01 3.141568425711877e+00 -2.399032686471857e-06
2.252462657290785e+01 3.141568205946588e+00 -2.420793738440453e-06
2.261581939304108e+01 3.141567984187860e+00 -2.442752179754266e-06
2.270701221317431e+01 3.141567760417612e+00 -2.464909800859219e-06
2.279820503330754e+01 3.141567534617598e+00 -2.487268408452037e-06
2.288939785344077e+01 3.141567306769405e+00 -2.509829825641429e-06
2.298059067357400e+01 3.141567076854457e+00 -2.532595892040933e-06
2.307178349370723e+01 3.141566844854005e+00 -2.555568463927466e-06
2.316297631384046e+01 3.141566610749132e+00 -2.578749414536115e-06
2.325416913397369e+01 3.141566374520750e+00 -2.602140634034484e-06
2.334536195410692e+01 3.141566136149597e+00 -2.625744029689195e-06
2.343655477424015e+01 3.141565895616236e+00 -2.649561526074114e-06
2.352774759437338e+01 3.141565652901054e+00 -2.673595065273742e-06
2.361894041450661e+01 3.141565407984261e+00 -2.697846606984846e-06
2.371013323463984e+01 3.141565160845887e+00 -2.722318128625205e-06
2.380132605477307e+01 3.141564911465779e+00 -2.747011625589290e-06
2.389251887490630e+01 3.141564659823603e+00 -2.771929111415713e-06
2.398371169503953e+01 3.141564405898842e+00 -2.797072617764704e-06
2.407490451517276e+01 3.141564149670790e+00 -2.822444194819027e-06
2.416609733530600e+01 3.141563891118555e+00 -2.848045911404208e-06
2.425729015543923e+01 3.141563630221054e+00 -2.873879855006093e-06
2.434848297557246e+01 3.141563366957015e+00 -2.899948132143839e-06
2.443967579570569e+01 3.141563101304970e+00 -2.926252868358531e-06
2.453086861583892e+01 3.141562833243259e+00 -2.952796208562632e-06
2.462206143597215e+01 3.141562562750024e+00 -2.979580317082157e-06
2.471325425610538e+01 3.141562289803210e+00 -3.006607377859722e-06
2.480444707623861e+01 3.141562014380560e+00 -3.033879594636010e-06
2.489563989637184e+01 3.141561736459617e+00 -3.061399191198343e-06
2.498683271650507e+01 3.141561456017720e+00 -3.089168411450426e-06
2.507802553663830e+01 3.141561173032002e+00 -3.117189519635276e-06
2.516921835677153e+01 3.141560887479388e+00 -3.145464800562068e-06
2.526041117690476e+01 3.141560599336595e+00 -3.173996559784087e-06
2.535160399703799e+01 3.141560308580127e+00 -3.202787123777996e-06
2.544279681717122e+01 3.141560015186276e+00 -3.231838840116802e-06
2.553398963730445e+01 3.141559719131120e+00 -3.261154077660720e-06
2.562518245743768e+01 3.141559420390518e+00 -3.290735226723636e-06
2.571637527757091e+01 3.141559118940112e+00 -3.320584699286514e-06
2.580756809770414e+01 3.141558814755322e+00 -3.350704929296314e-06
2.589876091783737e+01 3.141558507811343e+00 -3.381098372696726e-06
2.598995373797060e+01 3.141558198083150e+00 -3.411767507752151e-06
2.608114655810383e+01 3.141557885545486e+00 -3.442714835231199e-06
2.617233937823706e+01 3.141557570172867e+00 -3.473942878502366e-06
2.626353219837029e+01 3.141557251939579e+00 -3.505454183854727e-06
2.635472501850352e+01 3.141556930819673e+00 -3.537251320757221e-06
2.644591783863675e+01 3.141556606786965e+00 -3.569336881893857e-06
2.653711065876998e+01 3.141556279815032e+00 -3.601713483497670e-06
2.662830347890321e+01 3.141555949877216e+00 -3.634383765562432e-06
2.671949629903644e+01 3.141555616946614e+00 -3.667350391908459e-06
2.681068911916967e+01 3.141555280996077e+00 -3.700616050607423e-06
2.690188193930290e+01 3.141554941998213e+00 -3.734183454160216e-06
2.699307475943613e+01 3.141554599925381e+00 -3.768055339625334e-06
2.708426757956936e+01 3.141554254749687e+00 -3.802234468856172e-06
2.717546039970259e+01 3.141553906442988e+00 -3.836723628811071e-06
2.726665321983582e+01 3.141553554976882e+00 -3.871525631660487e-06
2.735784603996905e+01 3.141553200322710e+00 -3.906643315152505e-06
2.744903886010228e+01 3.141552842451556e+00 -3.942079542780372e-06
2.754023168023551e+01 3.141552481334238e+00 -3.977837203943822e-06
2.763142450036874e+01 3.141552116941311e+00 -4.013919214316062e-06
2.772261732050197e+01 3.141551749243063e+00 -4.050328515961865e-06
2.781381014063520e+01 3.141551378209513e+00 -4.087068077635672e-06
2.790500296076843e+01 3.141551003810405e+00 -4.124140895088052e-06
2.799619578090166e+01 3.141550626015213e+00 -4.161549991238835e-06
2.808738860103489e+01 3.141550244793131e+00 -4.199298416361289e-06
2.817858142116812e+01 3.141549860113074e+00 -4.237389248418188e-06
2.826977424130135e+01 3.141549471943676e+00 -4.275825593317101e-06
2.836096706143458e+01 3.141549080253286e+00 -4.314610585130236e-06
2.845215988156781e+01 3.141548685009967e+00 -4.353747386368520e-06
2.854335270170104e+01 3.141548286181491e+00 -4.393239188109207e-06
2.863454552183427e+01 3.141547883735337e+00 -4.433089210523848e-06
2.872573834196750e+01 3.141547477638689e+00 -4.473300702959157e-06
2.881693116210073e+01 3.141547067858436e+00 -4.513876944242716e-06
2.890812398223396e+01 3.141546654361165e+00 -4.554821242871240e-06
2.899931680236719e+01 3.141546237113158e+00 -4.596136937469312e-06
2.909050962250042e+01 3.141545816080395e+00 -4.637827396881633e-06
2.918170244263365e+01 3.141545391228544e+00 -4.679896020480924e-06
2.927289526276688e+01 3.141544962522963e+00 -4.722346238478645e-06
2.936408808290011e+01 3.141544529928697e+00 -4.765181512299007e-06
2.945528090303334e+01 3.141544093410471e+00 -4.808405334608622e-06
2.954647372316657e+01 3.141543652932694e+00 -4.852021229869402e-06
2.963766654329980e+01 3.141543208459448e+00 -4.896032754451375e-06
2.972885936343303e+01 3.141542759954491e+00 -4.940443497060851e-06
2.982005218356626e+01 3.141542307381253e+00 -4.985257078888860e-06
2.991124500369950e+01 3.141541850702831e+00 -5.030477154027492e-06
3.000243782383273e+01 3.141541389881988e+00 -5.076107409688014e-06
3.009363064396596e+01 3.141540924881149e+00 -5.122151566492957e-06
3.018482346409919e+01 3.141540455662398e+00 -5.168613378868402e-06
3.027601628423242e+01 3.141539982187477e+00 -5.215496635246206e-06
3.036720910436565e+01 3.141539504417778e+00 -5.262805158410432e-06
3.045840192449888e+01 3.141539022314344e+00 -5.310542805884002e-06
3.054959474463211e+01 3.141538535837864e+00 -5.358713470138651e-06
3.064078756476534e+01 3.141538044948674e+00 -5.407321078971442e-06
3.073198038489857e+01 3.141537549606745e+00 -5.456369595796099e-06
3.082317320503180e+01 3.141537049771688e+00 -5.505863019941737e-06
3.091436602516503e+01 3.141536545402746e+00 -5.555805387113444e-06
3.100555884529826e+01 3.141536036458795e+00 -5.606200769577448e-06
3.109675166543149e+01 3.141535522898335e+00 -5.657053276492706e-06
3.118794448556472e+01 3.141535004679489e+00 -5.708367054333524e-06
3.127913730569795e+01 3.141534481760005e+00 -5.760146287238689e-06
3.137033012583118e+01 3.141533954097244e+00 -5.812395197171863e-06
3.146152294596441e+01 3.141533421648179e+00 -5.865118044439150e-06
3.155271576609764e+01 3.141532884369397e+00 -5.918319128063994e-06
3.164390858623087e+01 3.141532342217087e+00 -5.972002785988156e-06
3.173510140636410e+01 3.141531795147043e+00 -6.026173395537378e-06
3.182629422649733e+01 3.141531243114658e+00 -6.080835373717864e-06
3.191748704663056e+01 3.141530686074918e+00 -6.135993177652964e-06
3.200867986676379e+01 3.141530123982405e+00 -6.191651304860308e-06
3.209987268689702e+01 3.141529556791284e+00 -6.247814293602372e-06
3.219106550703025e+01 3.141528984455308e+00 -6.304486723396649e-06
3.228225832716348e+01 3.141528406927809e+00 -6.361673215300490e-06
3.237345114729671e+01 3.141527824161698e+00 -6.419378432157984e-06
3.246464396742994e+01 3.141527236109454e+00 -6.477607079192368e-06
3.255583678756317e+01 3.141526642723128e+00 -6.536363904402850e-06
3.264702960769640e+01 3.141526043954338e+00 -6.595653698691489e-06
3.273822242782963e+01 3.141525439754259e+00 -6.655481296516784e-06
3.282941524796286e+01 3.141524830073625e+00 -6.715851576179040e-06
3.292060806809609e+01 3.141524214862724e+00 -6.776769460229900e-06
3.301180088822932e+01 3.141523594071391e+00 -6.838239915858999e-06
3.310299370836255e+01 3.141522967649008e+00 -6.900267955332724e-06
3.319418652849578e+01 3.141522335544498e+00 -6.962858636299383e-06
3.328537934862901e+01 3.141521697706319e+00 -7.026017062409655e-06
3.337657216876224e+01 3.141521054082462e+00 -7.089748383501280e-06
3.346776498889547e+01 3.141520404620448e+00 -7.154057796130106e-06
3.355895780902870e+01 3.141519749267319e+00 -7.218950544036021e-06
3.365015062916194e+01 3.141519087969637e+00 -7.284431918565824e-06
3.374134344929517e+01 3.141518420673484e+00 -7.350507258987623e-06
3.383253626942840e+01 3.141517747324446e+00 -7.417181953017826e-06
3.392372908956163e+01 3.141517067867620e+00 -7.484461437251559e-06
3.401492190969486e+01 3.141516382247604e+00 -7.552351197575299e-06
3.410611472982809e+01 3.141515690408492e+00 -7.620856769681213e-06
3.419730754996132e+01 3.141514992293874e+00 -7.689983739454816e-06
3.428850037009455e+01 3.141514287846825e+00 -7.759737743425989e-06
3.437969319022778e+01 3.141513577009904e+00 -7.830124469279572e-06
3.447088601036101e+01 3.141512859725153e+00 -7.901149656291802e-06
3.456207883049424e+01 3.141512135934082e+00 -7.972819095772289e-06
3.465327165062747e+01 3.141511405577676e+00 -8.045138631644415e-06
3.474446447076070e+01 3.141510668596381e+00 -8.118114160740064e-06
3.483565729089393e+01 3.141509924930106e+00 -8.191751633393389e-06
3.492685011102716e+01 3.141509174518211e+00 -8.266057053960445e-06
3.501804293116039e+01 3.141508417299509e+00 -8.341036481221876e-06
3.510923575129362e+01 3.141507653212259e+00 -8.416696028907206e-06
3.520042857142685e+01 3.141506882194155e+00 -8.493041866208727e-06
3.529162139156008e+01 3.141506104182330e+00 -8.570080218374313e-06
3.538281421169331e+01 3.141505319113346e+00 -8.647817367021148e-06
3.547400703182654e+01 3.141504526923188e+00 -8.726259650776172e-06
3.556519985195977e+01 3.141503727547263e+00 -8.805413465783605e-06
3.565639267209300e+01 3.141502920920391e+00 -8.885285266053164e-06
3.574758549222623e+01 3.141502106976799e+00 -8.965881564296095e-06
3.583877831235946e+01 3.141501285650119e+00 -9.047208932301698e-06
3.592997113249269e+01 3.141500456873381e+00 -9.129274001417071e-06
3.602116395262592e+01 3.141499620579008e+00 -9.212083463158537e-06
3.611235677275915e+01 3.141498776698807e+00 -9.295644069752426e-06
3.620354959289238e+01 3.141497925163972e+00 -9.379962634614541e-06
3.629474241302561e+01 3.141497065905067e+00 -9.465046032997614e-06
3.638593523315884e+01 3.141496198852031e+00 -9.550901202554483e-06
3.647712805329207e+01 3.141495323934163e+00 -9.637535143821896e-06
3.656832087342530e+01 3.141494441080125e+00 -9.724954920863254e-06
3.665951369355853e+01 3.141493550217929e+00 -9.813167661792714e-06
3.675070651369176e+01 3.141492651274935e+00 -9.902180559396500e-06
3.684189933382499e+01 3.141491744177843e+00 -9.992000871694856e-06
3.693309215395822e+01 3.141490828852692e+00 -1.008263592256837e-05
3.702428497409145e+01 3.141489905224844e+00 -1.017409310228490e-05
3.711547779422468e+01 3.141488973218989e+00 -1.026637986822909e-05
3.720667061435791e+01 3.141488032759132e+00 -1.035950374537751e-05
3.729786343449114e+01 3.141487083768589e+00 -1.045347232688481e-05
3.738905625462437e+01 3.141486126169979e+00 -1.054829327491064e-05
3.748024907475760e+01 3.141485159885221e+00 -1.064397432110406e-05
3.757144189489083e+01 3.141484184835525e+00 -1.074052326716263e-05
3.766263471502406e+01 3.141483200941387e+00 -1.083794798561914e-05
3.775382753515729e+01 3.141482208122580e+00 -1.093625642038370e-05
3.784502035529052e+01 3.141481206298151e+00 -1.103545658744415e-05
3.793621317542375e+01 3.141480195386412e+00 -1.113555657549182e-05
3.802740599555698e+01 3.141479175304935e+00 -1.123656454657597e-05
3.811859881569021e+01 3.141478145970543e+00 -1.133848873678433e-05
3.820979163582344e+01 3.141477107299304e+00 -1.144133745695362e-05
3.830098445595667e+01 3.141476059206526e+00 -1.154511909329907e-05
3.839217727608990e+01 3.141475001606751e+00 -1.164984210801912e-05
3.848337009622313e+01 3.141473934413740e+00 -1.175551504014272e-05
3.857456291635636e+01 3.141472857540476e+00 -1.186214650615192e-05
3.866575573648959e+01 3.141471770899154e+00 -1.196974520065854e-05
3.875694855662282e+01 3.141470674401168e+00 -1.207831989714060e-05
3.884814137675605e+01 3.141469567957110e+00 -1.218787944871284e-05
3.893933419688928e+01 3.141468451476762e+00 -1.229843278881124e-05
3.903052701702251e+01 3.141467324869089e+00 -1.240998893180974e-05
3.912171983715574e+01 3.141466188042227e+00 -1.252255697390178e-05
3.921291265728897e+01 3.141465040903480e+00 -1.263614609374739e-05
3.930410547742220e+01 3.141463883359311e+00 -1.275076555332230e-05
3.939529829755543e+01 3.141462715315336e+00 -1.286642469861948e-05
3.948649111768867e+01 3.141461536676314e+00 -1.298313296035038e-05
3.957768393782190e+01 3.141460347346138e+00 -1.310089985481574e-05
3.966887675795513e+01 3.141459147227834e+00 -1.321973498458876e-05
3.976006957808836e+01 3.141457936223544e+00 -1.333964803935622e-05
3.985126239822159e+01 3.141456714234523e+00 -1.346064879674325e-05
3.994245521835482e+01 3.141455481161132e+00 -1.358274712304260e-05
4.003364803848805e+01 3.141454236902827e+00 -1.370595297405189e-05
4.012484085862128e+01 3.141452981358152e+00 -1.383027639585573e-05
4.021603367875451e+01 3.141451714424732e+00 -1.395572752566735e-05
4.030722649888774e+01 3.141450435999263e+00 -1.408231659261191e-05
4.039841931902097e+01 3.141449145977500e+00 -1.421005391871227e-05
4.048961213915420e+01 3.141447844254260e+00 -1.433894991954603e-05
4.058080495928743e+01 3.141446530723399e+00 -1.446901510514747e-05
4.067199777942066e+01 3.141445205277814e+00 -1.460026008089885e-05
4.076319059955389e+01 3.141443867809429e+00 -1.473269554841678e-05
4.085438341968712e+01 3.141442518209188e+00 -1.486633230637286e-05
4.094557623982035e+01 3.141441156367046e+00 -1.500118125136203e-05
4.103676905995358e+01 3.141439782171959e+00 -1.513725337888871e-05
4.112796188008681e+01 3.141438395511877e+00 -1.527455978412277e-05
4.121915470022004e+01 3.141436996273735e+00 -1.541311166287579e-05
4.131034752035327e+01 3.141435584343436e+00 -1.555292031252993e-05
4.140154034048650e+01 3.141434159605856e+00 -1.569399713300498e-05
4.149273316061973e+01 3.141432721944822e+00 -1.583635362755656e-05
4.158392598075296e+01 3.141431271243108e+00 -1.598000140382500e-05
4.167511880088619e+01 3.141429807382426e+00 -1.612495217465150e-05
4.176631162101942e+01 3.141428330243414e+00 -1.627121775922896e-05
4.185750444115265e+01 3.141426839705627e+00 -1.641881008394270e-05
4.194869726128588e+01 3.141425335647528e+00 -1.656774118328969e-05
4.203989008141911e+01 3.141423817946480e+00 -1.671802320094294e-05
4.213108290155234e+01 3.141422286478726e+00 -1.686966839077749e-05
4.222227572168557e+01 3.141420741119396e+00 -1.702268911783434e-05
4.231346854181880e+01 3.141419181742481e+00 -1.717709785923321e-05
4.240466136195203e+01 3.141417608220830e+00 -1.733290720537845e-05
4.249585418208526e+01 3.141416020426141e+00 -1.749012986082678e-05
4.258704700221849e+01 3.141414418228946e+00 -1.764877864532870e-05
4.267823982235172e+01 3.141412801498604e+00 -1.780886649495207e-05
4.276943264248495e+01 3.141411170103288e+00 -1.797040646309539e-05
4.286062546261818e+01 3.141409523909975e+00 -1.813341172158111e-05
4.295181828275141e+01 3.141407862784437e+00 -1.829789556170771e-05
4.304301110288464e+01 3.141406186591225e+00 -1.846387139538730e-05
4.313420392301787e+01 3.141404495193667e+00 -1.863135275609224e-05
4.322539674315110e+01 3.141402788453845e+00 -1.880035330009937e-05
4.331658956328433e+01 3.141401066232596e+00 -1.897088680755903e-05
4.340778238341756e+01 3.141399328389489e+00 -1.914296718359725e-05
4.349897520355079e+01 3.141397574782822e+00 -1.931660845955341e-05
4.359016802368402e+01 3.141395805269609e+00 -1.949182479392400e-05
4.368136084381725e+01 3.141394019705565e+00 -1.966863047368773e-05
4.377255366395048e+01 3.141392217945096e+00 -1.984703991543347e-05
4.386374648408371e+01 3.141390399841290e+00 -2.002706766646861e-05
4.395493930421694e+01 3.141388565245899e+00 -2.020872840609379e-05
4.404613212435017e+01 3.141386714009332e+00 -2.039203694674916e-05
4.413732494448340e+01 3.141384845980642e+00 -2.057700823525251e-05
4.422851776461663e+01 3.141382961007509e+00 -2.076365735399045e-05
4.431971058474986e+01 3.141381058936235e+00 -2.095199952220127e-05
4.441090340488309e+01 3.141379139611729e+00 -2.114205009711045e-05
4.450209622501632e+01 3.141377202877490e+00 -2.133382457518265e-05
4.459328904514955e+01 3.141375248575597e+00 -2.152733859356900e-05
4.468448186528278e+01 3.141373276546700e+00 -2.172260793127657e-05
4.477567468541601e+01 3.141371286629999e+00 -2.191964851036023e-05
4.486686750554924e+01 3.141369278663241e+00 -2.211847639729598e-05
4.495806032568247e+01 3.141367252482697e+00 -2.231910780432966e-05
4.504925314581570e+01 3.141365207923154e+00 -2.252155909075707e-05
4.514044596594893e+01 3.141363144817900e+00 -2.272584676425082e-05
4.523163878608216e+01 3.141361062998713e+00 -2.293198748227512e-05
4.532283160621540e+01 3.141358962295842e+00 -2.313999805333067e-05
4.541402442634863e+01 3.141356842537998e+00 -2.334989543838444e-05
4.550521724648186e+01 3.141354703552338e+00 -2.356169675225657e-05
4.559641006661509e+01 3.141352545164451e+00 -2.377541926503434e-05
4.568760288674832e+01 3.141350367198343e+00 -2.399108040350210e-05
4.577879570688155e+01 3.141348169476426e+00 -2.420869775245510e-05
4.586998852701478e+01 3.141345951819500e+00 -2.442828905617405e-05
4.596118134714801e+01 3.141343714046739e+00 -2.464987221992556e-05
4.605237416728124e+01 3.141341455975676e+00 -2.487346531139136e-05
4.614356698741447e+01 3.141339177422192e+00 -2.509908656216558e-05
4.623475980754770e+01 3.141336878200494e+00 -2.532675436918493e-05
4.632595262768093e+01 3.141334558123106e+00 -2.555648729625057e-05
4.641714544781416e+01 3.141332217000852e+00 -2.578830407557874e-05
4.650833826794739e+01 3.141329854642838e+00 -2.602222360926877e-05
4.659953108808062e+01 3.141327470856440e+00 -2.625826497090810e-05
4.669072390821385e+01 3.141325065447286e+00 -2.649644740711544e-05
4.678191672834708e+01 3.141322638219241e+00 -2.673679033904179e-05
4.687310954848031e+01 3.141320188974392e+00 -2.697931336404230e-05
4.696430236861354e+01 3.141317717513028e+00 -2.722403625716067e-05
4.705549518874677e+01 3.141315223633630e+00 -2.747097897295323e-05
4.714668800888000e+01 3.141312707132849e+00 -2.772016164683266e-05
4.723788082901323e+01 3.141310167805493e+00 -2.797160459690575e-05
4.732907364914646e+01 3.141307605444506e+00 -2.822532832557678e-05
4.742026646927969e+01 3.141305019840955e+00 -2.848135352127016e-05
4.751145928941292e+01 3.141302410784014e+00 -2.873970106005774e-05
4.760265210954615e+01 3.141299778060942e+00 -2.900039200730970e-05
4.769384492967938e+01 3.141297121457070e+00 -2.926344761950040e-05
4.778503774981261e+01 3.141294440755779e+00 -2.952888934599768e-05
4.787623056994584e+01 3.141291735738490e+00 -2.979673883060794e-05
4.796742339007907e+01 3.141289006184636e+00 -3.006701791354079e-05
4.805861621021230e+01 3.141286251871653e+00 -3.033974863306308e-05
4.814980903034553e+01 3.141283472574957e+00 -3.061495322744800e-05
4.824100185047876e+01 3.141280668067925e+00 -3.089265413654474e-05
4.833219467061199e+01 3.141277838121882e+00 -3.117287400384122e-05
4.842338749074522e+01 3.141274982506077e+00 -3.145563567818345e-05
4.851458031087845e+01 3.141272100987665e+00 -3.174096221566031e-05
4.860577313101168e+01 3.141269193331688e+00 -3.202887688160771e-05
4.869696595114491e+01 3.141266259301061e+00 -3.231940315227664e-05
4.878815877127814e+01 3.141263298656545e+00 -3.261256471687549e-05
4.887935159141137e+01 3.141260311156731e+00 -3.290838547951319e-05
4.897054441154460e+01 3.141257296558023e+00 -3.320688956115199e-05
4.906173723167783e+01 3.141254254614610e+00 -3.350810130157805e-05
4.915293005181106e+01 3.141251185078458e+00 -3.381204526124177e-05
4.924412287194429e+01 3.141248087699280e+00 -3.411874622342413e-05
4.933531569207752e+01 3.141244962224517e+00 -3.442822919620585e-05
4.942650851221075e+01 3.141241808399321e+00 -3.474051941456289e-05
4.951770133234398e+01 3.141238625966532e+00 -3.505564234232500e-05
4.960889415247721e+01 3.141235414666658e+00 -3.537362367431968e-05
4.970008697261044e+01 3.141232174237853e+00 -3.569448933840945e-05
4.979127979274367e+01 3.141228904415894e+00 -3.601826549766849e-05
4.988247261287690e+01 3.141225604934165e+00 -3.634497855247638e-05
4.997366543301013e+01 3.141222275523627e+00 -3.667465514271335e-05

