# omega0=1, alpha=0
# theta0=0.8, theta_dot0=0
# t_start=0, t_end=100, h=0.00911928
#   t          x(t)                 v(t)       
0  8.000000000000000e-01  0.000000000000000e+00
9.119282013323059e-02 7.970186273702200e-01 -6.535451447993852e-02
1.823856402664613e-01 7.880918277575897e-01 -1.303288186565224e-01
2.735784603996920e-01 7.732717694065420e-01 -1.945380575874005e-01
3.647712805329227e-01 7.526460911867749e-01 -2.575885158439395e-01
4.559641006661534e-01 7.263388721601061e-01 -3.190742497542644e-01
5.471569207993838e-01 6.945118543583800e-01 -3.785749655837707e-01
6.383497409326140e-01 6.573657883754819e-01 -4.356555036128136e-01
7.295425610658441e-01 6.151417410932113e-01 -4.898672281645911e-01
8.207353811990743e-01 5.681221812525847e-01 -5.407515363604511e-01
9.119282013323045e-01 5.166316443229186e-01 -5.878455803027693e-01
1.003121021465535e+00 4.610367760404673e-01 -6.306901488254049e-01
1.094313841598765e+00 4.017455666517458e-01 -6.688394816246893e-01
1.185506661731995e+00 3.392056170598711e-01 -7.018726026128268e-01
1.276699481865225e+00 2.739013240928580e-01 -7.294055791286407e-01
1.367892301998455e+00 2.063499334389062e-01 -7.511039622569117e-01
1.459085122131685e+00 1.370964816759381e-01 -7.666945654209700e-01
1.550277942264916e+00 6.670772738244743e-02 -7.759757150332108e-01
1.641470762398146e+00 -4.234751950732293e-03 -7.788251717887907e-01
1.732663582531376e+00 -7.514205379416199e-02 -7.752050756491764e-01
1.823856402664606e+00 -1.454257428829945e-01 -7.651634991648861e-01
1.915049222797836e+00 -2.145056243577631e-01 -7.488324769100401e-01
2.006242042931067e+00 -2.818171817814107e-01 -7.264226786325267e-01
2.097434863064297e+00 -3.468183923621754e-01 -6.982151724013692e-01
2.188627683197527e+00 -4.089956831293631e-01 -6.645509475503265e-01
2.279820503330757e+00 -4.678688601267916e-01 -6.258190113654245e-01
2.371013323463987e+00 -5.229949200668573e-01 -5.824439274079894e-01
2.462206143597217e+00 -5.739707321401772e-01 -5.348736301700513e-01
2.553398963730448e+00 -6.204346494497960e-01 -4.835682450870523e-01
2.644591783863678e+00 -6.620671691927655e-01 -4.289904868168587e-01
2.735784603996908e+00 -6.985908047625623e-01 -3.715980266561474e-01
2.826977424130138e+00 -7.297693600899897e-01 -3.118380346497379e-01
2.918170244263368e+00 -7.554068073318493e-01 -2.501439310678769e-01
3.009363064396598e+00 -7.753459653392597e-01 -1.869342368197082e-01
3.100555884529828e+00 -7.894671608146244e-01 -1.226132980405223e-01
3.191748704663059e+00 -7.976870295280335e-01 -5.757357631294224e-02
3.282941524796289e+00 -7.999575840451114e-01 7.800860998784170e-03
3.374134344929519e+00 -7.962656393199105e-01 7.313005146741090e-02
3.465327165062749e+00 -7.866326499175862e-01 1.380334703634102e-01
3.556519985195979e+00 -7.711149737868617e-01 2.021254147244626e-01
3.647712805329209e+00 -7.498045383368643e-01 2.650108669184268e-01
3.738905625462440e+00 -7.228298459347920e-01 3.262822551402018e-01
3.830098445595670e+00 -6.903572188187854e-01 3.855175051383906e-01
3.921291265728900e+00 -6.525921491462824e-01 4.422797372570109e-01
4.012484085862130e+00 -6.097805902825743e-01 4.961188999670365e-01
4.103676905995361e+00 -5.622100027944260e-01 5.465755402374153e-01
4.194869726128591e+00 -5.102099556588192e-01 5.931867892742102e-01
4.286062546261821e+00 -4.541520827502540e-01 6.354944902230347e-01
4.377255366395051e+00 -3.944492092307845e-01 6.730552188288749e-01
4.468448186528281e+00 -3.315534936549087e-01 7.054517616844025e-01
4.559641006661511e+00 -2.659534795702605e-01 7.323054386536615e-01
4.650833826794742e+00 -1.981700133400551e-01 7.532885097599578e-01
4.742026646927972e+00 -1.287510588194629e-01 7.681358166358825e-01
4.833219467061202e+00 -5.826551827787319e-02 7.766547952646672e-01
4.924412287194432e+00 1.270375507227471e-02 7.787330724229037e-01
5.015605107327662e+00 8.356750262042653e-02 7.743430228297598e-01
5.106797927460892e+00 1.537378672753722e-01 7.635429033267020e-01
5.197990747594122e+00 2.226361429189115e-01 7.464744674780341e-01
5.289183567727353e+00 2.897001524479988e-01 7.233572632670163e-01
5.380376387860583e+00 3.543909717527174e-01 6.944800903038534e-01
5.471569207993813e+00 4.161987707799630e-01 6.601903080455287e-01
5.562762028127043e+00 4.746476126612465e-01 6.208818202087014e-01
5.653954848260273e+00 5.292991297889776e-01 5.769826036905076e-01
5.745147668393503e+00 5.797550735642109e-01 5.289426075163031e-01
5.836340488526734e+00 6.256588051239282e-01 4.772227343953224e-01
5.927533308659964e+00 6.666958522879234e-01 4.222854569709830e-01
6.018726128793194e+00 7.025937000279441e-01 3.645874373092697e-01
6.109918948926424e+00 7.331210068954135e-01 3.045743337622428e-01
6.201111769059654e+00 7.580864487914616e-01 2.426778110707746e-01
6.292304589192884e+00 7.773373862267214e-01 1.793146279869602e-01
6.383497409326115e+00 7.907585344725050e-01 1.148875661072416e-01
6.474690229459345e+00 7.982707905744901e-01 4.978788327258373e-02
6.565883049592575e+00 7.998303396771725e-01 -1.560107924284622e-02
6.657075869725805e+00 7.954281276331335e-01 -8.089954001592249e-02
6.748268689859035e+00 7.850897490753045e-01 -1.457265937497932e-01
6.839461509992265e+00 7.688757612021383e-01 -2.096956301516363e-01
6.930654330125495e+00 7.468823943778367e-01 -2.724102828561480e-01
7.021847150258726e+00 7.192425921354771e-01 -3.334613238029757e-01
7.113039970391956e+00 6.861272763100013e-01 -3.924248935712720e-01
7.204232790525186e+00 6.477466992042036e-01 -4.488624155589335e-01
7.295425610658416e+00 6.043517157761069e-01 -5.023224759036430e-01
7.386618430791646e+00 5.562347872034512e-01 -5.523448566223496e-01
7.477811250924876e+00 5.037305155712913e-01 -5.984667838915207e-01
7.569004071058107e+00 4.472155106522242e-01 -6.402312981742104e-01
7.660196891191337e+00 3.871074062306394e-01 -6.771974752086742e-01
7.751389711324567e+00 3.238628766378538e-01 -7.089520403918208e-01
7.842582531457797e+00 2.579745540566920e-01 -7.351217435464814e-01
7.933775351591027e+00 1.899668116607668e-01 -7.553857202009810e-01
8.024968171724257e+00 1.203904524964321e-01 -7.694869835146972e-01
8.116160991857488e+00 4.981642286529060e-02 -7.772421878044309e-01
8.207353811990718e+00 -2.117125594831068e-02 -7.785488911876765e-01
8.298546632123948e+00 -9.198308064547478e-02 -7.733897193843932e-01
8.389739452257178e+00 -1.620318828784446e-01 -7.618330793652617e-01
8.480932272390408e+00 -2.307405505213697e-01 -7.440303620308802e-01
8.572125092523638e+00 -2.975493416914815e-01 -7.202098712987764e-01
8.663317912656868e+00 -3.619225142089059e-01 -6.906679853025768e-01
8.754510732790099e+00 -4.233540492774738e-01 -6.557582617303094e-01
8.845703552923329e+00 -4.813723193936369e-01 -6.158793224124504e-01
8.936896373056559e+00 -5.355436288071298e-01 -5.714623846625542e-01
9.028089193189789e+00 -5.854746321790862e-01 -5.229592547062226e-01
9.119282013323019e+00 -6.308137064022183e-01 -4.708314786570363e-01
9.210474833456249e+00 -6.712514067121474e-01 -4.155411819790775e-01
9.301667653589480e+00 -7.065201782788604e-01 -3.575439436458965e-01
9.392860473722710e+00 -7.363935176016392e-01 -2.972838679516157e-01
9.484053293855940e+00 -7.606847851631796e-01 -2.351908514143546e-01
9.575246113989170e+00 -7.792458640420964e-01 -1.716799042113606e-01
9.666438934122400e+00 -7.919658412548544e-01 -1.071522787244345e-01
9.757631754255630e+00 -7.987698623125120e-01 -4.199808082244980e-02
9.848824574388860e+00 -7.996182773812111e-01 2.340001186182818e-02
9.940017394522091e+00 -7.945061616084188e-01 8.866233180259435e-02
1.003121021465532e+01 -7.834632541907867e-01 1.534075274903393e-01
1.012240303478855e+01 -7.665543217603812e-01 2.172480232073476e-01
1.021359585492178e+01 -7.438799125478118e-01 2.797860592336369e-01
1.030478867505501e+01 -7.155774294045668e-01 3.406107256785486e-01
1.039598149518824e+01 -6.818224131866963e-01 3.992963763976224e-01
1.048717431532147e+01 -6.428298946550496e-01 4.554027643515721e-01
1.057836713545470e+01 -5.988556448672135e-01 5.084771706198110e-01
1.066955995558793e+01 -5.501971334501679e-01 5.580587012244994e-01
1.076075277572116e+01 -4.971939939185103e-01 6.036847966525423e-01
1.085194559585439e+01 -4.402277981319400e-01 6.448998405650669e-01
1.094313841598762e+01 -3.797209604103767e-01 6.812655745974462e-01
1.103433123612085e+01 -3.161346270678345e-01 7.123728398359163e-01
1.112552405625408e+01 -2.499654589117069e-01 7.378539928543941e-01
1.121671687638731e+01 -1.817412802614687e-01 7.573952091216276e-01
1.130790969652054e+01 -1.120156437292899e-01 7.707478130796219e-01
1.139910251665377e+01 -4.136143883340845e-02 7.777377813651207e-01
1.149029533678700e+01 2.963625339873631e-02 7.782726630640763e-01
1.158148815692023e+01 1.003877965165829e-01 7.723453451177439e-01
1.167268097705346e+01 1.703068210820324e-01 7.600343445654459e-01
1.176387379718669e+01 2.388179132959317e-01 7.415006027137395e-01
1.185506661731992e+01 3.053638610289275e-01 7.169810528797370e-01
1.194625943745315e+01 3.694121855994724e-01 6.867794958060918e-01
1.203745225758638e+01 4.304607459305438e-01 6.512555141013394e-01
1.212864507771961e+01 4.880422742217569e-01 6.108122694396553e-01
1.221983789785284e+01 5.417277808843382e-01 5.658840479956320e-01
1.231103071798607e+01 5.911288431913422e-01 5.169243582963857e-01
1.240222353811930e+01 6.358988600745649e-01 4.643952591909806e-01
1.249341635825254e+01 6.757334098547078e-01 4.087584274457404e-01
1.258460917838577e+01 7.103698857373492e-01 3.504682888692985e-01
1.267580199851900e+01 7.395866050561417e-01 2.899673550017743e-01
1.276699481865223e+01 7.632015935927416e-01 2.276837447829465e-01
1.285818763878546e+01 7.810712380654646e-01 1.640307362462947e-01
1.294938045891869e+01 7.930889808086157e-01 9.940809013399526e-02
1.304057327905192e+01 7.991842035600832e-01 3.420481369536729e-02
1.313176609918515e+01 7.993214146343688e-01 -3.119701575468803e-02
1.322295891931838e+01 7.934998176008259e-01 -9.641777733323877e-02
1.331415173945161e+01 7.817533014265486e-01 -1.610756082553480e-01
1.340534455958484e+01 7.641508529858579e-01 -2.247819105845778e-01
1.349653737971807e+01 7.407973537616118e-01 -2.871374886124359e-01
1.358773019985130e+01 7.118346843401872e-01 -3.477297276610052e-01
1.367892301998453e+01 6.774430240228402e-01 -4.061311964645056e-01
1.377011584011776e+01 6.378422000335883e-01 -4.619000076130979e-01
1.386130866025099e+01 5.932929133930858e-01 -5.145821981725777e-01
1.395250148038422e+01 5.440976490280957e-01 -5.637162908662544e-01
1.404369430051745e+01 4.906010688878099e-01 -6.088400632503492e-01
1.413488712065068e+01 4.331896915064273e-01 -6.494993908467984e-01
1.422607994078391e+01 3.722906818383831e-01 -6.852588489220207e-01
1.431727276091714e+01 3.083696124592875e-01 -7.157135717395251e-01
1.440846558105037e+01 2.419271108722174e-01 -7.405016985996017e-01
1.449965840118360e+01 1.734943751021902e-01 -7.593166070389666e-01
1.459085122131683e+01 1.036276162021242e-01 -7.719180688171957e-01
1.468204404145006e+01 3.290156498703477e-02 -7.781414819776030e-01
1.477323686158329e+01 -3.809774671883413e-02 -7.779044404976940e-01
1.486442968171652e+01 -1.087806609282715e-01 -7.712100967253787e-01
1.495562250184975e+01 -1.785617168115441e-01 -7.581470318582364e-01
1.504681532198298e+01 -2.468673022569907e-01 -7.388856455063868e-01
1.513800814211621e+01 -3.131428280234406e-01 -7.136713697650992e-01
1.522920096224944e+01 -3.768591587854770e-01 -6.828152693469877e-01
1.532039378238267e+01 -4.375180957558464e-01 -6.466827772304966e-01
1.541158660251590e+01 -4.946567792379447e-01 -6.056814168772402e-01
1.550277942264913e+01 -5.478509582511211e-01 -5.602483732736024e-01
1.559397224278236e+01 -5.967171503614580e-01 -5.108387048918470e-01
1.568516506291559e+01 -6.409137814199356e-01 -4.579148559181685e-01
1.577635788304882e+01 -6.801414474175916e-01 -4.019379565814967e-01
1.586755070318205e+01 -7.141424766915362e-01 -3.433612132408558e-01
1.595874352331528e+01 -7.426999898953154e-01 -2.826255096259272e-01
1.604993634344851e+01 -7.656366587431219e-01 -2.201571810293038e-01
1.614112916358174e+01 -7.828133548585615e-01 -1.563677925542086e-01
1.623232198371497e+01 -7.941278598869734e-01 -9.165565305237805e-02
1.632351480384820e+01 -7.995137801429457e-01 -2.640872600627566e-02
1.641470762398143e+01 -7.989397759090389e-01 3.899144747472748e-02
1.650590044411466e+01 -7.924091790352662e-01 1.041652258356852e-01
1.659709326424789e+01 -7.799600341698586e-01 1.687301706226053e-01
1.668828608438112e+01 -7.616655598481924e-01 2.322966062710474e-01
1.677947890451435e+01 -7.376349866436758e-01 2.944638605166180e-01
1.687067172464758e+01 -7.080146915291471e-01 3.548175936251191e-01
1.696186454478081e+01 -6.729895116403252e-01 4.129285940242206e-01
1.705305736491404e+01 -6.327840883230359e-01 4.683533675941317e-01
1.714425018504727e+01 -5.876640657401238e-01 5.206367722113899e-01
1.723544300518050e+01 -5.379369499404147e-01 5.693168437129112e-01
1.732663582531373e+01 -4.839524269594698e-01 6.139318228429489e-01
1.741782864544696e+01 -4.261019449620467e-01 6.540292283317123e-01
1.750902146558019e+01 -3.648173878026912e-01 6.891766385075579e-01
1.760021428571342e+01 -3.005687066648480e-01 7.189736587408115e-01
1.769140710584665e+01 -2.338604319099708e-01 7.430643860396327e-01
1.778259992597988e+01 -1.652270560785731e-01 7.611495596527206e-01
1.787379274611311e+01 -9.522735608086517e-02 7.729975308154016e-01
1.796498556624634e+01 -2.443780105843230e-02 7.784532130464201e-01
1.805617838637957e+01 4.655473586903928e-02 7.774442933677381e-01
1.814737120651280e+01 1.171606868053769e-01 7.699841876789876e-01
1.823856402664603e+01 1.867956086971064e-01 7.561714896319088e-01
1.832975684677927e+01 2.548877934516505e-01 7.361859599759645e-01
1.842094966691250e+01 3.208853664087910e-01 7.102813950272000e-01
1.851214248704573e+01 3.842626137178803e-01 6.787759622781635e-01
1.860333530717896e+01 4.445253415479498e-01 6.420407694643754e-01
1.869452812731219e+01 5.012151447724114e-01 6.004875241573013e-01
1.878572094744542e+01 5.539125416249667e-01 5.545561417504349e-01
1.887691376757865e+01 6.022390060033124e-01 5.047030809507737e-01
1.896810658771188e+01 6.458579941903865e-01 4.513910472191393e-01
1.905929940784511e+01 6.844751133889827e-01 3.950805301142617e-01
1.915049222797834e+01 7.178376134634354e-01 3.362234540435177e-01
1.924168504811157e+01 7.457334005111288e-01 2.752590434769456e-01
1.933287786824480e+01 7.679897727640004e-01 2.126118472246640e-01
1.942407068837803e+01 7.844720682402989e-01 1.486917393876627e-01
1.951526350851126e+01 7.950823923333172e-01 8.389561877302547e-02
1.960645632864449e+01 7.997585648884937e-01 1.861046136589155e-02
1.969764914877772e+01 7.984733926772429e-01 -4.678266311506641e-02
1.978884196891095e+01 7.912343364209675e-01 -1.119040251547856e-01
1.988003478904418e+01 7.780836030559557e-01 -1.763705469921153e-01
1.997122760917741e+01 7.590986547920873e-01 -2.397914214934023e-01
2.006242042931064e+01 7.343930875611866e-01 -3.017644614153063e-01
2.015361324944387e+01 7.041177935796195e-01 -3.618735844547196e-01
2.024480606957710e+01 6.684622871367514e-01 -4.196878068140038e-01
2.033599888971033e+01 6.276560409731172e-01 -4.747620649514857e-01
2.042719170984356e+01 5.819696548473519e-01 -5.266401061650432e-01
2.051838452997679e+01 5.317156606840875e-01 -5.748595795077672e-01
2.060957735011002e+01 4.772487628675514e-01 -6.189593183269240e-01
2.070077017024325e+01 4.189653204891384e-01 -6.584886384913202e-01
2.079196299037648e+01 3.573019027179965e-01 -6.930182923821340e-01
2.088315581050971e+01 2.927327897550687e-01 -7.221525346837910e-01
2.097434863064294e+01 2.257663490862326e-01 -7.455415939224384e-01
2.106554145077617e+01 1.569402868556772e-01 -7.628937280449355e-01
2.115673427090940e+01 8.681585183205134e-02 -7.739859958915197e-01
2.124792709104263e+01 1.597114751813579e-02 -7.786729153950200e-01
2.133911991117586e+01 -5.500622166430377e-02 -7.768923089457576e-01
2.143031273130909e+01 -1.255268894848131e-01 -7.686678481021416e-01
2.152150555144232e+01 -1.950075392405893e-01 -7.541080815353431e-01
2.161269837157555e+01 -2.628784681061073e-01 -7.334020290240163e-01
2.170389119170878e+01 -3.285906062109111e-01 -7.068117127661520e-01
2.179508401184201e+01 -3.916217375318036e-01 -6.746622394684184e-01
2.188627683197524e+01 -4.514817339459230e-01 -6.373302151254712e-01
2.197746965210847e+01 -5.077166894335544e-01 -5.952313542819949e-01
2.206866247224170e+01 -5.599119202272003e-01 -5.488081361130915e-01
2.215985529237493e+01 -6.076938709815510e-01 -4.985182725951443e-01
2.225104811250816e+01 -6.507310305935620e-01 -4.448246097977170e-01
2.234224093264139e+01 -6.887340100158096e-01 -3.881869062071862e-01
2.243343375277462e+01 -7.214549663763902e-01 -3.290557455511753e-01
2.252462657290785e+01 -7.486865730179262e-01 -2.678686651628894e-01
2.261581939304108e+01 -7.702607352618105e-01 -2.050484277129889e-01
2.270701221317431e+01 -7.860472392631893e-01 -1.410032408734563e-01
2.279820503330754e+01 -7.959524990663330e-01 -7.612863727067955e-02
2.288939785344077e+01 -7.999185376209137e-01 -1.081066299502613e-02
2.298059067357400e+01 -7.979223034162578e-01 5.457001819470704e-02
2.307178349370723e+01 -7.899753873670792e-01 1.196335216492407e-01
2.316297631384046e+01 -7.761241659921845e-01 1.839960675038444e-01
2.325416913397369e+01 -7.564503577676360e-01 2.472656646655242e-01
2.334536195410692e+01 -7.310719406573676e-01 3.090385747102982e-01
2.343655477424015e+01 -7.001443411534892e-01 3.688969580769402e-01
2.352774759437338e+01 -6.638617699123200e-01 4.264080701420975e-01
2.361894041450661e+01 -6.224585479166471e-01 4.811253188883730e-01
2.371013323463984e+01 -5.762102422077807e-01 5.325914134347162e-01
2.380132605477307e+01 -5.254344142313977e-01 5.803437198124074e-01
2.389251887490630e+01 -4.704907795577381e-01 6.239217966148148e-01
2.398371169503953e+01 -4.117805878134138e-01 6.628769132562152e-01
2.407490451517276e+01 -3.497450580293619e-01 6.967831685807696e-01
2.416609733530600e+01 -2.848627478949949e-01 7.252496449057494e-01
2.425729015543923e+01 -2.176457944037191e-01 7.479328747358809e-01
2.434848297557246e+01 -1.486350346996509e-01 7.645487888718560e-01
2.443967579570569e+01 -7.839409404025029e-02 7.748832777105759e-01
2.453086861583892e+01 -7.502605385326045e-03 7.788005473007306e-01
2.462206143597215e+01 6.345120596296343e-02 7.762485918441394e-01
2.471325425610538e+01 1.338782868959398e-01 7.672613246367349e-01
2.480444707623861e+01 2.031965549804576e-01 7.519571862736827e-01
2.489563989637184e+01 2.708384127692600e-01 7.305343486280882e-01
2.498683271650507e+01 3.362576838662341e-01 7.032629178175607e-01
2.507802553663830e+01 3.989357246374809e-01 6.704747739976663e-01
2.516921835677153e+01 4.583865314967086e-01 6.325518442153141e-01
2.526041117690476e+01 5.141607401453048e-01 5.899136735522942e-01
2.535160399703799e+01 5.658484917973015e-01 5.430051402496928e-01
2.544279681717122e+01 6.130812147069299e-01 4.922850654275924e-01
2.553398963730445e+01 6.555324312737518e-01 4.382163185512479e-01
2.562518245743768e+01 6.929177477754400e-01 3.812578403828454e-01
2.571637527757091e+01 7.249942137222118e-01 3.218588190038686e-01
2.580756809770414e+01 7.515592512194265e-01 2.604550802675691e-01
2.589876091783737e+01 7.724493532703942e-01 1.974676041692500e-01
2.598995373797060e+01 7.875387361907032e-01 1.333029590996781e-01
2.608114655810383e+01 7.967381080662412e-01 6.835535730742442e-02
2.617233937823706e+01 7.999936851575702e-01 3.009973839401769e-03
2.626353219837029e+01 7.972865536154783e-01 -6.235286754534121e-02
2.635472501850352e+01 7.886324365993881e-01 -1.273530600903970e-01
2.644591783863675e+01 7.740818881830075e-01 -1.916060599586191e-01
2.653711065876998e+01 7.537208962611746e-01 -2.547186413410956e-01
2.662830347890321e+01 7.276718378848823e-01 -3.162854807289049e-01
2.671949629903644e+01 6.960946929982922e-01 -3.758869695024245e-01
2.681068911916967e+01 6.591883876957483e-01 -4.330886169802183e-01
2.690188193930290e+01 6.171921075845425e-01 -4.874423473010639e-01
2.699307475943613e+01 5.703863978676266e-01 -5.384899075930200e-01
2.708426757956936e+01 5.190938520088491e-01 -5.857684882520369e-01
2.717546039970259e+01 4.636791881421403e-01 -6.288185089160344e-01
2.726665321983582e+01 4.045485243240803e-01 -6.671933513174680e-01
2.735784603996905e+01 3.421476921126234e-01 -7.004706344485957e-01
2.744903886010228e+01 2.769594732176331e-01 -7.282644465212422e-01
2.754023168023551e+01 2.094997046558538e-01 -7.502377949513274e-01
2.763142450036874e+01 1.403122703073632e-01 -7.661144345477771e-01
2.772261732050197e+01 6.996307522424690e-02 -7.756892068942275e-01
2.781381014063520e+01 -9.668239621156861e-04 -7.788360845194329e-01
2.790500296076843e+01 -7.188869185498435e-02 -7.755132639544448e-01
2.799619578090166e+01 -1.422138997394222e-01 -7.657648803002647e-01
2.808738860103489e+01 -2.113617066543552e-01 -7.497191973965764e-01
2.817858142116812e+01 -2.787667194534744e-01 -7.275834275781816e-01
2.826977424130135e+01 -3.438857423368333e-01 -6.996356154576256e-01
2.836096706143458e+01 -4.062037768078915e-01 -6.662142468520522e-01
2.845215988156781e+01 -4.652390007152713e-01 -6.277063921197868e-01
2.854335270170104e+01 -5.205466321815395e-01 -5.845352513008015e-01
2.863454552183427e+01 -5.717216626047290e-01 -5.371479390230862e-01
2.872573834196750e+01 -6.184005151296970e-01 -4.860042443544462e-01
2.881693116210073e+01 -6.602617452915649e-01 -4.315669464473058e-01
2.890812398223396e+01 -6.970259453465765e-01 -3.742940854537194e-01
2.899931680236719e+01 -7.284550417280735e-01 -3.146334025887387e-01
2.909050962250042e+01 -7.543511865759621e-01 -2.530189913760380e-01
2.918170244263365e+01 -7.745554412223068e-01 -1.898700556616343e-01
2.927289526276688e+01 -7.889464344755766e-01 -1.255915542055465e-01
2.936408808290011e+01 -7.974391543621852e-01 -6.057642654031760e-02
2.945528090303334e+01 -7.999840013066328e-01 4.790963315176954e-03
2.954647372316657e+01 -7.965661957844936e-01 7.013056519904438e-02
2.963766654329980e+01 -7.872055959781130e-01 1.350619835631536e-01
2.972885936343303e+01 -7.719569421558501e-01 1.991998497423099e-01
2.982005218356626e+01 -7.509105053266170e-01 2.621496541705340e-01
2.991124500369950e+01 -7.241930790392794e-01 3.235044567220960e-01
3.000243782383273e+01 -6.919692159786811e-01 3.828428708715541e-01
3.009363064396596e+01 -6.544425765691433e-01 4.397286780624478e-01
3.018482346409919e+01 -6.118572269192075e-01 4.937123669319605e-01
3.027601628423242e+01 -5.644987004233378e-01 5.443348025889743e-01
3.036720910436565e+01 -5.126946238733636e-01 5.911331107657070e-01
3.045840192449888e+01 -4.568147078510212e-01 6.336487110210945e-01
3.054959474463211e+01 -3.972699149986737e-01 6.714372584292713e-01
3.064078756476534e+01 -3.345106501714988e-01 7.040800669428542e-01
3.073198038489857e+01 -2.690238636943470e-01 7.311964087023756e-01
3.082317320503180e+01 -2.013290212734021e-01 7.524559352610710e-01
3.091436602516503e+01 -1.319729676340750e-01 7.675903734206497e-01
3.100555884529826e+01 -6.152378965209620e-02 7.764036311199628e-01
3.109675166543149e+01 9.436138977769534e-03 7.787795202999006e-01
3.118794448556472e+01 8.031768384948813e-02 7.746864643756617e-01
3.127913730569795e+01 1.505327516644952e-01 7.641787943341355e-01
3.137033012583118e+01 2.195020493593509e-01 7.473945230792612e-01
3.146152294596441e+01 2.866624857724613e-01 7.245497872083592e-01
3.155271576609764e+01 3.514739312223490e-01 6.959304211059387e-01
3.164390858623087e+01 4.134251032630817e-01 6.618813466192774e-01
3.173510140636410e+01 4.720384161415627e-01 6.227945993168934e-01
3.182629422649733e+01 5.268737091976201e-01 5.790968596288165e-01
3.191748704663056e+01 5.775308474583167e-01 5.312373180499529e-01
3.200867986676379e+01 6.236512587310904e-01 4.796765934150430e-01
3.209987268689702e+01 6.649185301023104e-01 4.248772644068913e-01
3.219106550703025e+01 7.010582295794417e-01 3.672963914589340e-01
3.228225832716348e+01 7.318371445232409e-01 3.073802214266543e-01
3.237345114729671e+01 7.570621381720393e-01 2.455610981049064e-01
3.246464396742994e+01 7.765788209208340e-01 1.822564587175436e-01
3.255583678756317e+01 7.902702167391283e-01 1.178696844739007e-01
3.264702960769640e+01 7.980555800208176e-01 5.279249163046475e-02
3.273822242782963e+01 7.998894868659751e-01 -1.259150572744704e-02
3.282941524796286e+01 7.957612894624004e-01 -7.790246427700659e-02
3.292060806809609e+01 7.856949845167831e-01 -1.427596333691274e-01
3.301180088822932e+01 7.697495077877688e-01 -2.067767597534421e-01
3.310299370836255e+01 7.480194276172492e-01 -2.695580028624296e-01
3.319418652849578e+01 7.206359717924379e-01 -3.306947768680632e-01
3.328537934862901e+01 6.877682851073674e-01 -3.897639115067750e-01
3.337657216876224e+01 6.496247809917762e-01 -4.463274819905819e-01
3.346776498889547e+01 6.064544213862253e-01 -4.999345935290713e-01
3.355895780902870e+01 5.585477370163648e-01 -5.501253129588282e-01
3.365015062916194e+01 5.062373880857445e-01 -5.964368158612848e-01
3.374134344929517e+01 4.498980659814272e-01 -6.384116635889362e-01
3.383253626942840e+01 3.899455523246066e-01 -6.756079477125755e-01
3.392372908956163e+01 3.268347841314295e-01 -7.076108529334498e-01
3.401492190969486e+01 2.610568230022350e-01 -7.340450129550748e-01
3.410611472982809e+01 1.931346901685660e-01 -7.545868908093244e-01
3.419730754996132e+01 1.236181037192539e-01 -7.689763299392480e-01
3.428850037009455e+01 5.307723315515445e-02 -7.770264152104970e-01
3.437969319022778e+01 -1.790433813693558e-02 -7.786308653878032e-01
3.447088601036101e+01 -8.873718806144024e-02 -7.737683493324659e-01
3.456207883049424e+01 -1.588338694445265e-01 -7.625033620431639e-01
3.465327165062747e+01 -2.276166427097647e-01 -7.449835858967357e-01
3.474446447076070e+01 -2.945248150762089e-01 -7.214339611237979e-01
3.483565729089393e+01 -3.590214068686693e-01 -6.921479600262799e-01
3.492685011102716e+01 -4.205989207511769e-01 -6.574767691844055e-01
3.501804293116039e+01 -4.787840603943207e-01 -6.178172110872046e-01
3.510923575129362e+01 -5.331413232590912e-01 -5.735992731478337e-01
3.520042857142685e+01 -5.832754697132962e-01 -5.252740634855618e-01
3.529162139156008e+01 -6.288329405130088e-01 -4.733028956173550e-01
3.538281421169331e+01 -6.695023515331302e-01 -4.181480411940969e-01
3.547400703182654e+01 -7.050142354653001e-01 -3.602655056071921e-01
3.556519985195977e+01 -7.351402241056751e-01 -3.000999975644114e-01
3.565639267209300e+01 -7.596918726842360e-01 -2.380820971373594e-01
3.574758549222623e+01 -7.785193215127301e-01 -1.746274873932545e-01
3.583877831235946e+01 -7.915099727515812e-01 -1.101380064262011e-01
3.592997113249269e+01 -7.985873341360605e-01 -4.500419835339227e-02
3.602116395262592e+01 -7.997101496233103e-01 2.039101058525054e-02
3.611235677275915e+01 -7.948719012283016e-01 8.566791687944200e-02
3.620354959289238e+01 -7.841007284021402e-01 1.504453489322116e-01
3.629474241302561e+01 -7.674597723328718e-01 2.143361103343583e-01
3.638593523315884e+01 -7.450479134179042e-01 2.769429841495866e-01
3.647712805329207e+01 -7.170008317259354e-01 3.378557122812814e-01
3.656832087342530e+01 -6.834922835754467e-01 3.966493379710699e-01
3.665951369355853e+01 -6.447354538226618e-01 4.528842553459349e-01
3.675070651369176e+01 -6.009842149842708e-01 5.061082420118230e-01
3.684189933382499e+01 -5.525341033255978e-01 5.558606540425979e-01
3.693309215395822e+01 -4.997228112813283e-01 6.016788348749762e-01
3.702428497409145e+01 -4.429299978426643e-01 6.431066324371070e-01
3.711547779422468e+01 -3.825762362173986e-01 6.797047399594091e-01
3.720667061435791e+01 -3.191209525301546e-01 7.110623895017141e-01
3.729786343449114e+01 -2.530592603885197e-01 7.368097533910088e-01
3.738905625462437e+01 -1.849176615765984e-01 7.566302714164799e-01
3.748024907475760e+01 -1.152486585106132e-01 7.702720448116628e-01
3.757144189489083e+01 -4.462440294119155e-02 7.775574412132329e-01
3.766263471502406e+01 2.637042012687868e-02 7.783901480193389e-01
3.775382753515729e+01 9.714621239739300e-02 7.727590920835746e-01
3.784502035529052e+01 1.671162831507855e-01 7.607388946264677e-01
3.793621317542375e+01 2.357045509924977e-01 7.424868225912784e-01
3.802740599555698e+01 3.023528165829180e-01 7.182364949235788e-01
3.811859881569021e+01 3.665273324733417e-01 6.882888670257100e-01
3.820979163582344e+01 4.277244536260794e-01 6.530012174264317e-01
3.830098445595667e+01 4.854752242217275e-01 6.127749772272213e-01
3.839217727608990e+01 5.393488348675878e-01 5.680432687256443e-01
3.848337009622313e+01 5.889549612760047e-01 5.192589618142771e-01
3.857456291635636e+01 6.339450639859293e-01 4.668839327799756e-01
3.866575573648959e+01 6.740127837589754e-01 4.113800433122367e-01
3.875694855662282e+01 7.088936061053968e-01 3.532021722258468e-01
3.884814137675605e+01 7.383639903085878e-01 2.927934499724144e-01
3.893933419688928e+01 7.622401643495170e-01 2.305826822627573e-01
3.903052701702251e+01 7.803767794617430e-01 1.669838133470983e-01
3.912171983715574e+01 7.926655994134354e-01 1.023971749198892e-01
3.921291265728897e+01 7.990343728200829e-01 3.721219171056280e-02
3.930410547742220e+01 7.994460043575917e-01 -2.818883489019579e-02
3.939529829755543e+01 7.938981047130016e-01 -9.342627397683487e-02
3.948649111768867e+01 7.824229610150603e-01 -1.581184677066813e-01
3.957768393782190e+01 7.650879304504745e-01 -2.218772192060781e-01
3.966887675795513e+01 7.419962206774862e-01 -2.843038917598057e-01
3.976006957808836e+01 7.132879823642891e-01 -3.449865310271755e-01
3.985126239822159e+01 6.791416027820624e-01 -4.034983941326480e-01
3.994245521835482e+01 6.397750563418946e-01 -4.593982228076298e-01
4.003364803848805e+01 5.954471402531926e-01 -5.122325266431920e-01
4.012484085862128e+01 5.464584035574229e-01 -5.615400422062421e-01
4.021603367875451e+01 4.931515684377983e-01 -6.068584022352514e-01
4.030722649888774e+01 4.359112466986118e-01 -6.477328888345825e-01
4.039841931902097e+01 3.751627739355995e-01 -6.837269639376351e-01
4.048961213915420e+01 3.113700204050494e-01 -7.144340842371186e-01
4.058080495928743e+01 2.450320905320058e-01 -7.394901369949142e-01
4.067199777942066e+01 1.766788898950142e-01 -7.585857017964267e-01
4.076319059955389e+01 1.068656146864732e-01 -7.714772751549752e-01
4.085438341968712e+01 3.616629740668759e-02 -7.779966084697206e-01
4.094557623982035e+01 -3.483338403695501e-02 -7.780574139045362e-01
4.103676905995358e+01 -1.055437667401875e-01 -7.716588828203289e-01
4.112796188008681e+01 -1.753790263243361e-01 -7.588857189999595e-01
4.121915470022004e+01 -2.437648433198094e-01 -7.399046838335932e-01
4.131034752035327e+01 -3.101456055079131e-01 -7.149579459195322e-01
4.140154034048650e+01 -3.739908781877179e-01 -6.843537861522773e-01
4.149273316061973e+01 -4.348009339218890e-01 -6.484554009158977e-01
4.158392598075296e+01 -4.921112065489831e-01 -6.076686517658809e-01
4.167511880088619e+01 -5.454956129840215e-01 -5.624296252372115e-01
4.176631162101942e+01 -5.945687626063587e-01 -5.131927996459242e-01
4.185750444115265e+01 -6.389871411551480e-01 -4.604204853805041e-01
4.194869726128588e+01 -6.784494092774864e-01 -4.045740349064207e-01
4.203989008141911e+01 -7.126959926793736e-01 -3.461071327160520e-01
4.213108290155234e+01 -7.415081607669977e-01 -2.854612945477503e-01
4.222227572168557e+01 -7.647067949339992e-01 -2.230635444207086e-01
4.231346854181880e+01 -7.821510385229513e-01 -1.593261059160411e-01
4.240466136195203e+01 -7.937370007379140e-01 -9.464784324797618e-02
4.249585418208526e+01 -7.993966591954945e-01 -2.941711604189780e-02
4.258704700221849e+01 -7.990970728416636e-01 3.598433534255285e-02
4.267823982235172e+01 -7.928399806118775e-01 1.011768853026565e-01
4.276943264248495e+01 -7.806618229524611e-01 1.657783250879766e-01
4.286062546261818e+01 -7.626341842339425e-01 2.293994014069741e-01
4.295181828275141e+01 -7.388646150417849e-01 2.916400163915062e-01
4.304301110288464e+01 -7.094977552080082e-01 3.520864981424701e-01
4.313420392301787e+01 -6.747166423633292e-01 4.103103212358947e-01
4.322539674315110e+01 -6.347440582706606e-01 4.658686072773653e-01
4.331658956328433e+01 -5.898437382801861e-01 5.183066612080789e-01
4.340778238341756e+01 -5.403212504333345e-01 5.671626950693338e-01
4.349897520355079e+01 -4.865243428401029e-01 6.119747557309715e-01
4.359016802368402e+01 -4.288425637068370e-01 6.522897097969624e-01
4.368136084381725e+01 -3.677059799923997e-01 6.876739566958314e-01
4.377255366395048e+01 -3.035828591772533e-01 7.177253555315966e-01
4.386374648408371e+01 -2.369762334016625e-01 7.420856838869841e-01
4.395493930421694e+01 -1.684193335204849e-01 7.604528217666281e-01
4.404613212435017e+01 -9.846995747655130e-02 7.725917946358910e-01
4.413732494448340e+01 -2.770391594843945e-02 7.783438336750024e-01
4.422851776461663e+01 4.329222954848984e-02 7.776327262002243e-01
4.431971058474986e+01 1.139288631324880e-01 7.704679285556079e-01
4.441090340488309e+01 1.836211361459421e-01 7.569441776106437e-01
4.450209622501632e+01 2.517965937794513e-01 7.372376339778448e-01
4.459328904514955e+01 3.179023031894631e-01 7.115988828514290e-01
4.468448186528278e+01 3.814112212157912e-01 6.803433703916291e-01
4.477567468541601e+01 4.418276014240259e-01 6.438400356138211e-01
4.486686750554924e+01 4.986913145227991e-01 6.024989926844342e-01
4.495806032568247e+01 5.515810350490685e-01 5.567591233204783e-01
4.504925314581570e+01 6.001163227181318e-01 5.070763635181109e-01
4.514044596594893e+01 6.439586925053963e-01 4.539133324103650e-01
4.523163878608216e+01 6.828118188828458e-01 3.977307776725560e-01
4.532283160621540e+01 7.164210544132329e-01 3.389811255139283e-01
4.541402442634863e+01 7.445724608843516e-01 2.781042441225547e-01
4.550521724648186e+01 7.670915537022218e-01 2.155253717494922e-01
4.559641006661509e+01 7.838419497179508e-01 1.516550321955208e-01
4.568760288674832e+01 7.947240878345013e-01 8.689066324071178e-02
4.577879570688155e+01 7.996741633887680e-01 2.161961513915625e-02
4.586998852701478e+01 7.986633838461648e-01 -4.377686822653477e-02
4.596118134714801e+01 7.916976166989090e-01 -1.089190992477021e-01
4.605237416728124e+01 7.788174620501649e-01 -1.734242543263045e-01
4.614356698741447e+01 7.600987432401830e-01 -2.369019692353957e-01
4.623475980754770e+01 7.356533698865342e-01 -2.989506456943002e-01
4.632595262768093e+01 7.056304897663958e-01 -3.591548756613046e-01
4.641714544781416e+01 6.702178102204561e-01 -4.170843579786248e-01
4.650833826794739e+01 6.296429377898640e-01 -4.722946300106592e-01
4.659953108808062e+01 5.841745587039993e-01 -5.243298591978759e-01
4.669072390821385e+01 5.341232651750413e-01 -5.727278317381140e-01
4.678191672834708e+01 4.798418260424394e-01 -6.170271367835356e-01
4.687310954848031e+01 4.217247078544913e-01 -6.567763783838092e-01
4.696430236861354e+01 3.602066760639238e-01 -6.915450638680208e-01
4.705549518874677e+01 2.957603465326092e-01 -7.209356328711893e-01
4.714668800888000e+01 2.288926141123763e-01 -7.445959275800581e-01
4.723788082901323e+01 1.601399546834831e-01 -7.622312864507408e-01
4.732907364914646e+01 9.006267448126662e-02 -7.736153936021887e-01
4.742026646927969e+01 1.923825877456978e-02 -7.785990509267874e-01
4.751145928941292e+01 -5.174595712431295e-02 -7.771161654727131e-01
4.760265210954615e+01 -1.223005159590640e-01 -7.691864530032223e-01
4.769384492967938e+01 -1.918416536039175e-01 -7.549146282429390e-01
4.778503774981261e+01 -2.597988815821113e-01 -7.344861508108623e-01
4.787623056994584e+01 -3.256220372114906e-01 -7.081598855988245e-01
4.796742339007907e+01 -3.887875459097357e-01 -6.762582813628280e-01
4.805861621021230e+01 -4.488037037370944e-01 -6.391558435721996e-01
4.814980903034553e+01 -5.052148635528703e-01 -5.972667616398943e-01
4.824100185047876e+01 -5.576044870010359e-01 -5.510325451372519e-01
4.833219467061199e+01 -6.055970991771212e-01 -5.009104397045725e-01
4.842338749074522e+01 -6.488592469839196e-01 -4.473632512360683e-01
4.851458031087845e+01 -6.870996116386762e-01 -3.908510307727293e-01
4.860577313101168e+01 -7.200684585469052e-01 -3.318248860576585e-01
4.869696595114491e+01 -7.475566237992585e-01 -2.707230084775561e-01
4.878815877127814e+01 -7.693942373869612e-01 -2.079688496386940e-01
4.887935159141137e+01 -7.854493713109240e-01 -1.439712571223985e-01
4.897054441154460e+01 -7.956267788935937e-01 -7.912628536918258e-02
4.906173723167783e+01 -7.998668625248939e-01 -1.382033236001405e-02
4.915293005181106e+01 -7.981449731446687e-01 5.156578929611992e-02
4.924412287194429e+01 -7.904711078418416e-01 1.166522627562004e-01
4.933531569207752e+01 -7.768900334066804e-01 1.810555864432072e-01
4.942650851221075e+01 -7.574818245197300e-01 2.443842321963762e-01
4.951770133234398e+01 -7.323627663506423e-01 3.062350642546390e-01
4.960889415247721e+01 -7.016865335900281e-01 3.661909226472080e-01
4.970008697261044e+01 -6.656455225469846e-01 4.238197405956951e-01
4.979127979274367e+01 -6.244721815572780e-01 4.786755107545662e-01
4.988247261287690e+01 -5.784401597170862e-01 5.303013340011594e-01
4.997366543301013e+01 -5.278650774870043e-01 5.782346730437898e-01
5.006485825314336e+01 -4.731047178272498e-01 6.220147907228414e-01
5.015605107327659e+01 -4.145584458909535e-01 6.611921839978635e-01
5.024724389340982e+01 -3.526656908942089e-01 6.953396399779456e-01
5.033843671354305e+01 -2.879033662994436e-01 7.240643571246929e-01
5.042962953367628e+01 -2.207821627779357e-01 7.470204152313021e-01
5.052082235380951e+01 -1.518417192807648e-01 7.639207664735235e-01
5.061201517394274e+01 -8.164475548966571e-02 7.745478792048143e-01
5.070320799407597e+01 -1.077032671505687e-02 7.787622117643883e-01
5.079440081420920e+01 6.019356819783256e-02 7.765078296502314e-01
5.088559363434243e+01 1.306577421277108e-01 7.678146964479335e-01
5.097678645447566e+01 2.000396236598294e-01 7.527974438172647e-01
5.106797927460889e+01 2.677707912061039e-01 7.316507252958073e-01
5.115917209474213e+01 3.333039415231384e-01 7.046415448898714e-01
5.125036491487536e+01 3.961190438621405e-01 6.720991890136790e-01
5.134155773500859e+01 4.557284963495052e-01 6.344035526363657e-01
5.143275055514182e+01 5.116811773503672e-01 5.919727236922799e-01
5.152394337527505e+01 5.635653632911638e-01 5.452506741393160e-01
5.161513619540828e+01 6.110105580972718e-01 4.946958140296374e-01
5.170632901554151e+01 6.536883419820887e-01 4.407710174669457e-01
5.179752183567474e+01 6.913123948500624e-01 3.839355507569530e-01
5.188871465580797e+01 7.236378803015033e-01 3.246391467604531e-01
5.197990747594120e+01 7.504603903524109e-01 2.633182943607082e-01
5.207110029607443e+01 7.716146501596525e-01 2.003946607859473e-01
5.216229311620766e+01 7.869731687856371e-01 1.362754435608971e-01
5.225348593634089e+01 7.964449991722964e-01 7.135535885070309e-02
5.234467875647412e+01 7.999747407232878e-01 6.019910742704876e-03
5.243587157660735e+01 7.975418835200733e-01 -5.935045366155601e-02
5.252706439674058e+01 7.891605560184770e-01 -1.243757212238343e-01
5.261825721687381e+01 7.748796994078788e-01 -1.886716501512277e-01
5.270945003700704e+01 7.547836526473936e-01 -2.518454969525422e-01
5.280064285714027e+01 7.289930933695601e-01 -3.134925535866275e-01
5.289183567727350e+01 6.976662423028588e-01 -3.731938952309963e-01
5.298302849740673e+01 6.610002038550910e-01 -4.305157029489979e-01
5.307422131753996e+01 6.192322847231740e-01 -4.850104678918497e-01
5.316541413767319e+01 5.726411080656638e-01 -5.362202991004289e-01
5.325660695780642e+01 5.215473255363622e-01 -5.836824417859404e-01
5.334779977793965e+01 4.663137261612023e-01 -6.269369670668661e-01
5.343899259807288e+01 4.073445522572186e-01 -6.655364226858890e-01
5.353018541820611e+01 3.450838601968831e-01 -6.990570487426049e-01
5.362137823833934e+01 2.800128083232315e-01 -7.271109808290193e-01
5.371257105847257e+01 2.126458143613133e-01 -7.493587078881148e-01
5.380376387860580e+01 1.435255967057783e-01 -7.655209481478110e-01
5.389495669873903e+01 7.321719229607507e-02 -7.753890755104721e-01
5.398614951887226e+01 2.301121031900549e-03 -7.788332851973729e-01
5.407734233900549e+01 -6.863406536153298e-02 -7.758078339651733e-01
5.416853515913872e+01 -1.389995612487009e-01 -7.663529156062476e-01
5.425972797927195e+01 -2.082140954119645e-01 -7.505930121811141e-01
5.435092079940518e+01 -2.757114125392371e-01 -7.287318613105759e-01
5.444211361953841e+01 -3.409471565551430e-01 -7.010444620073927e-01
5.453330643967164e+01 -4.034049139949192e-01 -6.678667713158497e-01
5.462449925980487e+01 -4.626012426948622e-01 -6.295838961494316e-01
5.471569207993810e+01 -5.180895879634723e-01 -5.866176470358404e-01
5.480688490007133e+01 -5.694630668963989e-01 -5.394142948399032e-01
5.489807772020456e+01 -6.163561741347987e-01 -4.884332716888715e-01
5.498927054033779e+01 -6.584455233155927e-01 -4.341374048293651e-01
5.508046336047102e+01 -6.954497840347408e-01 -3.769850914912294e-01
5.517165618060425e+01 -7.271290028462991e-01 -3.174246369893015e-01
5.526284900073748e+01 -7.532835090537233e-01 -2.558908055107985e-01
5.535404182087071e+01 -7.737526036014364e-01 -1.928034852576470e-01
5.544523464100394e+01 -7.884132148233776e-01 -1.285682523913865e-01
5.553642746113717e+01 -7.971786809813677e-01 -6.357853175585658e-02
5.562762028127040e+01 -7.999977890949410e-01 1.781006878922936e-03
5.571881310140363e+01 -7.968541647722132e-01 6.713021567668959e-02
5.581000592153686e+01 -7.877660703340601e-01 1.320888183978116e-01
5.590119874167009e+01 -7.727866297525303e-01 1.962717717768055e-01
5.599239156180332e+01 -7.520044597534207e-01 2.592850672793434e-01
5.608358438193655e+01 -7.255446477087223e-01 3.207223921281074e-01
5.617477720206978e+01 -6.935699796338838e-01 3.801630466546674e-01
5.626597002220301e+01 -6.562822870008784e-01 4.371714766238707e-01
5.635716284233624e+01 -6.139237509443496e-01 4.912987185915824e-01
5.644835566246947e+01 -5.667779790475983e-01 5.420859682748075e-01
5.653954848260270e+01 -5.151706559301822e-01 5.890703629808737e-01
5.663074130273593e+01 -4.594695671481152e-01 6.317929198046404e-01
5.672193412286916e+01 -4.000838090120075e-01 6.698083974408675e-01
5.681312694300239e+01 -3.374620265535492e-01 7.026966633747420e-01
5.690431976313563e+01 -2.720895683381764e-01 7.300749684709474e-01
5.699551258326886e+01 -2.044845085223077e-01 7.516103807279637e-01
5.708670540340209e+01 -1.351925596770849e-01 7.670315336533317e-01
5.717789822353532e+01 -6.478097851558177e-02 7.761388236045818e-01
5.726909104366855e+01 6.168356770968108e-03 7.788122577238984e-01
5.736028386380178e+01 7.706645255478996e-02 7.750163108862359e-01
5.745147668393501e+01 1.473249958126748e-01 7.648013834781647e-01
5.754266950406824e+01 2.163641222564859e-01 7.483017358928721e-01
5.763386232420147e+01 2.836198410178092e-01 7.257300753812419e-01
5.772505514433470e+01 3.485508293330045e-01 6.973692484925335e-01
5.781624796446793e+01 4.106443626449108e-01 6.635617139600807e-01
5.790744078460116e+01 4.694212142101538e-01 6.246976126590825e-01
5.799863360473439e+01 5.244394358100221e-01 5.812023027344579e-01
5.808982642486762e+01 5.752970093297227e-01 5.335241925906459e-01
5.818101924500085e+01 6.216334304804096e-01 4.821235970759607e-01
5.827221206513408e+01 6.631303452033147e-01 4.274631850474181e-01
5.836340488526731e+01 6.995114028935560e-01 3.700004040918736e-01
5.845459770540054e+01 7.305415172655126e-01 3.101820830494110e-01
5.854579052553377e+01 7.560257360497613e-01 2.484412426859074e-01
5.863698334566700e+01 7.758079166748955e-01 1.851960005534923e-01
5.872817616580023e+01 7.897693892818769e-01 1.208503426018621e-01
5.881936898593346e+01 7.978277636733371e-01 5.579645111702362e-02
5.891056180606669e+01 7.999360057408234e-01 -9.581777760098069e-03
5.900175462619992e+01 7.960818737266931e-01 -7.490442882728540e-02
5.909294744633315e+01 7.862877670397347e-01 -1.397908962791480e-01
5.918414026646638e+01 7.706110014786505e-01 -2.038552751865551e-01
5.927533308659961e+01 7.491444855551105e-01 -2.667022440247445e-01
5.936652590673284e+01 7.220177339969904e-01 -3.279238552421227e-01
5.945771872686607e+01 6.893981174482819e-01 -3.870976273213694e-01
5.954891154699930e+01 6.514922132085713e-01 -4.437862910319523e-01
5.964010436713253e+01 6.085470923964700e-01 -4.975394789661562e-01
5.973129718726576e+01 5.608513565080425e-01 -5.478975558086168e-01
5.982249000739899e+01 5.087357236899773e-01 -5.943976641147816e-01
5.991368282753222e+01 4.525729649787777e-01 -6.365819076824037e-01
6.000487564766545e+01 3.927770057545761e-01 -6.740074185052808e-01
6.009606846779868e+01 3.298010393088789e-01 -7.062578668839854e-01
6.018726128793191e+01 2.641345478357413e-01 -7.329557967649709e-01
6.027845410806514e+01 1.962991894626041e-01 -7.537750232918843e-01
6.036964692819837e+01 1.268435840648740e-01 -7.684522412071446e-01
6.046083974833160e+01 5.633710939844291e-02 -7.767969816844615e-01
6.055203256846483e+01 -1.463710513792365e-02 -7.786991333386952e-01
6.064322538859806e+01 -8.548973525089634e-02 -7.741334100405183e-01
6.073441820873129e+01 -1.556330713668730e-01 -7.631603891900526e-01
6.082561102886452e+01 -2.244887620462026e-01 -7.459240319986196e-01
6.091680384899775e+01 -2.914951777626851e-01 -7.226458964108287e-01
6.100799666913098e+01 -3.561141135869215e-01 -6.936165258462895e-01
6.109918948926421e+01 -4.178366036461653e-01 -6.591847100517705e-01
6.119038230939744e+01 -4.761876903907677e-01 -6.197454456269605e-01
6.128157512953067e+01 -5.307300697072955e-01 -5.757274644614150e-01
6.137276794966390e+01 -5.810666106480818e-01 -5.275811533641394e-01
6.146396076979713e+01 -6.268418188496692e-01 -4.757675736158977e-01
6.155515358993036e+01 -6.677423702449344e-01 -4.207491277300944e-01
6.164634641006359e+01 -7.034968832802252e-01 -3.629822368660677e-01
6.173753923019682e+01 -7.338751225249535e-01 -3.029122081742724e-01
6.182873205033005e+01 -7.586868350915028e-01 -2.409703036966300e-01
6.191992487046328e+01 -7.777804156965089e-01 -1.775728816747556e-01
6.201111769059651e+01 -7.910415791752379e-01 -1.131223713819977e-01
6.210231051072974e+01 -7.983921936318100e-01 -4.800976303827566e-02
6.219350333086297e+01 -7.997893957515410e-01 1.738175912969105e-02
6.228469615099620e+01 -7.952250742449278e-01 8.267244562045942e-02
6.237588897112943e+01 -7.847257695520546e-01 1.474812950272803e-01
6.246708179126266e+01 -7.683529989906357e-01 2.114214817170366e-01
6.255827461139589e+01 -7.462039773888491e-01 2.740963250734699e-01
6.264946743152912e+01 -7.184126647600604e-01 3.350962152238435e-01
6.274066025166236e+01 -6.851510357779902e-01 3.939968848514905e-01
6.283185307179559e+01 -6.466304320935701e-01 4.503593735204916e-01
6.292304589192882e+01 -6.031028297846833e-01 5.037319642346522e-01
6.301423871206205e+01 -5.548618328327873e-01 5.536542767057222e-01
6.310543153219528e+01 -5.022431922234519e-01 5.996635754015288e-01
6.319662435232851e+01 -4.456246518776495e-01 6.413031944927150e-01
6.328781717246174e+01 -3.854249395442293e-01 6.781328036752027e-01
6.337900999259497e+01 -3.221017544624472e-01 7.097400523763421e-01
6.347020281272820e+01 -2.561486539301887e-01 7.357529549269368e-01
6.356139563286143e+01 -1.880908057683402e-01 7.558522397113737e-01
6.365258845299466e+01 -1.184796487156788e-01 7.697828052255116e-01
6.374378127312789e+01 -4.788658164354105e-02 7.773634251426402e-01
6.383497409326112e+01 2.310412265190882e-02 7.784939335307052e-01
6.392616691339435e+01 9.390292064318218e-02 7.731592981256863e-01
6.401735973352758e+01 1.639228166896077e-01 7.614302378288347e-01
6.410855255366089e+01 2.325870772468706e-01 7.434603318021890e-01
6.419974537379419e+01 2.993365297123921e-01 7.194798654037078e-01
6.429093819392749e+01 3.636361698584670e-01 6.897869252292228e-01
6.438213101406079e+01 4.249808584089215e-01 6.547364598072166e-01
6.447332383419409e+01 4.828999588423590e-01 6.147281431408743e-01
6.456451665432739e+01 5.369608468989910e-01 5.701939082436994e-01
6.465570947446069e+01 5.867712994579791e-01 5.215859635422174e-01
6.474690229459399e+01 6.319808394715831e-01 4.693659836045092e-01
6.483809511472730e+01 6.722811693973425e-01 4.139960002649181e-01
6.492928793486060e+01 7.074058651704952e-01 3.559313352585702e-01
6.502048075499390e+01 7.371295254385879e-01 2.956157325212350e-01
6.511167357512720e+01 7.612665775024856e-01 2.334786834439198e-01
6.520286639526050e+01 7.796699343098705e-01 1.699348011961175e-01
6.529405921539380e+01 7.922296786549042e-01 1.053849942196104e-01
6.538525203552710e+01 7.988719242619783e-01 4.021911280646503e-02
6.547644485566040e+01 7.995579712082532e-01 -2.518030807482227e-02
6.556763767579370e+01 7.942838372353840e-01 -9.043361747539402e-02
6.565883049592701e+01 7.830802084735199e-01 -1.551593528671756e-01
6.575002331606031e+01 7.660128140871452e-01 -2.189697101081772e-01
6.584121613619361e+01 7.431831902425103e-01 -2.814666053159488e-01
6.593240895632691e+01 7.147297604537636e-01 -3.422387413130645e-01
6.602360177646021e+01 6.808291228516334e-01 -4.008600641449489e-01
6.611479459659351e+01 6.416974016842767e-01 -4.568899494881388e-01
6.620598741672681e+01 5.975914923524152e-01 -5.098753888925425e-01
6.629718023686011e+01 5.488100089392443e-01 -5.593553469095490e-01
6.638837305699342e+01 4.956937332934189e-01 -6.048673300449023e-01
6.647956587712672e+01 4.386253680464022e-01 -6.459560493662819e-01
6.657075869726002e+01 3.780284148165246e-01 -6.821838786049227e-01
6.666195151739332e+01 3.143650345573201e-01 -7.131426233517412e-01
6.675314433752662e+01 2.481327992211645e-01 -7.384659449431837e-01
6.684433715765992e+01 1.798603102502363e-01 -7.578416489284195e-01
6.693552997779322e+01 1.101017352753739e-01 -7.710229764769942e-01
6.702672279792652e+01 3.943039321098316e-02 -7.778380466401887e-01
6.711791561805983e+01 -3.156840822461987e-02 -7.781966972703731e-01
6.720910843819313e+01 -1.023050178301310e-01 -7.720941588123178e-01
6.730030125832643e+01 -1.721932639628912e-01 -7.596112502677087e-01
6.739149407845973e+01 -2.406581350909655e-01 -7.409110806287422e-01
6.748268689859303e+01 -3.071430097532055e-01 -7.162325351859347e-01
6.757387971872633e+01 -3.711161656039968e-01 -6.858810871596699e-01
6.766507253885963e+01 -4.320763559952919e-01 -6.502176702508004e-01
6.775626535899293e+01 -4.895573153296114e-01 -6.096464576300699e-01
6.784745817912624e+01 -5.431311330794619e-01 -5.646024122110211e-01
6.793865099925954e+01 -5.924105129188092e-01 -5.155394097100482e-01
6.802984381939284e+01 -6.370500010754847e-01 -4.629196080543689e-01
6.812103663952614e+01 -6.767463219499397e-01 -4.072045677180399e-01
6.821222945965944e+01 -7.112379966307569e-01 -3.488484418045303e-01
6.830342227979274e+01 -7.403044406350918e-01 -2.882933731725140e-01
6.839461509992604e+01 -7.637647421473968e-01 -2.259670739614533e-01
6.848580792005934e+01 -7.814763134597088e-01 -1.622824293409531e-01
6.857700074019264e+01 -7.933335889916880e-01 -9.763886499940774e-02
6.866819356032595e+01 -7.992669159823418e-01 -3.242514500337799e-02
6.875938638045925e+01 -7.992417511848391e-01 3.297678142564797e-02
6.885057920059255e+01 -7.932582406659957e-01 9.818729461546855e-02
6.894177202072585e+01 -7.813512216141031e-01 1.628244059990624e-01
6.903296484085915e+01 -7.635906459896791e-01 2.264992764404567e-01
6.912415766099245e+01 -7.400823867881595e-01 2.888123766220513e-01
6.921535048112575e+01 -7.109693494971957e-01 3.493506997123461e-01
6.930654330125905e+01 -6.764327751237400e-01 4.076864074497147e-01
6.939773612139236e+01 -6.366935884426254e-01 4.633772425072089e-01
6.948892894152566e+01 -5.920136178882872e-01 5.159689668876597e-01
6.958012176165896e+01 -5.426964942650065e-01 5.649999835286444e-01
6.967131458179226e+01 -4.890880269838372e-01 6.100081645051364e-01
6.976250740192556e+01 -4.315758616042673e-01 6.505397470662676e-01
6.985370022205886e+01 -3.705882432961564e-01 6.861599771118081e-01
6.994489304219216e+01 -3.065917485654152e-01 7.164649939993087e-01
7.003608586232546e+01 -2.400879016533827e-01 7.410942818348636e-01
7.012727868245877e+01 -1.716086597813736e-01 7.597428849083947e-01
7.021847150259207e+01 -1.017108280105599e-01 7.721725222265930e-01
7.030966432272537e+01 -3.096954313396093e-02 7.782207561699710e-01
7.040085714285867e+01 4.002896128649245e-02 7.778074809865907e-01
7.049204996299197e+01 1.106950379993753e-01 7.709381926365231e-01
7.058324278312527e+01 1.804434489431157e-01 7.577037629835686e-01
7.067443560325857e+01 2.487010077288389e-01 7.382767375821232e-01
7.076562842339187e+01 3.149137368461615e-01 7.129044701218081e-01
7.085682124352518e+01 3.785532752947606e-01 6.818996612107356e-01
7.094801406365848e+01 4.391223331916516e-01 6.456290549133701e-01
7.103920688379178e+01 4.961590638219103e-01 6.045011455837761e-01
7.113039970392508e+01 5.492403024152300e-01 5.589537563496945e-01
7.122159252405838e+01 5.979836967439646e-01 5.094422784561434e-01
7.131278534419168e+01 6.420488208762594e-01 4.564292265471286e-01
7.140397816432498e+01 6.811374154988697e-01 4.003755927407587e-01
7.149517098445828e+01 7.149929337861687e-01 3.417342960883396e-01
7.158636380459158e+01 7.433995905244342e-01 2.809458441415232e-01
7.167755662472489e+01 7.661811154011361e-01 2.184361644623850e-01
7.176874944485819e+01 7.831994013667375e-01 1.546164340599262e-01
7.185994226499149e+01 7.943532185588801e-01 8.988463610386964e-02
7.195113508512479e+01 7.995771362176526e-01 2.462850361879931e-02
7.204232790525809e+01 7.988407617513158e-01 -4.077053564047603e-02
7.213352072539139e+01 7.921483695777481e-01 -1.059328259619545e-01
7.222471354552469e+01 7.795389540137472e-01 -1.704757885109292e-01
7.231590636565799e+01 7.610867013718253e-01 -2.340094940759937e-01
7.240709918579130e+01 7.369018374150239e-01 -2.961329278197423e-01
7.249829200592460e+01 7.071317683056219e-01 -3.564313536108992e-01
7.258948482605790e+01 6.719623973031774e-01 -4.144751544366306e-01
7.268067764619120e+01 6.316194672832461e-01 -4.698204744524288e-01
7.277187046632450e+01 5.863697527310855e-01 -5.220119118023832e-01
7.286306328645780e+01 5.365219067539257e-01 -5.705874050676698e-01
7.295425610659110e+01 4.824267616629316e-01 -6.150853187695307e-01
7.304544892672440e+01 4.244768885251750e-01 -6.550535682848305e-01
7.313664174685771e+01 3.631052439065284e-01 -6.900604414811273e-01
7.322783456699101e+01 2.987827717696661e-01 -7.197065894900834e-01
7.331902738712431e+01 2.320148843734614e-01 -7.436374939171725e-01
7.341022020725761e+01 1.633368151326953e-01 -7.615555968455835e-01
7.350141302739091e+01 9.330791362842723e-02 -7.732312263707614e-01
7.359260584752421e+01 2.250503132997475e-02 -7.785114811097524e-01
7.368379866765751e+01 -4.848478197638513e-02 -7.773263585333468e-01
7.377499148779081e+01 -1.190719946104773e-01 -7.696916168829988e-01
7.386618430792412e+01 -1.886724111297108e-01 -7.557081278663836e-01
7.395737712805742e+01 -2.567147723772137e-01 -7.355577752962825e-01
7.404856994819072e+01 -3.226478361509768e-01 -7.094962458269739e-01
7.413976276832402e+01 -3.859466805137193e-01 -6.778433057063847e-01
7.423095558845732e+01 -4.461180345777628e-01 -6.409713335321113e-01
7.432214840859062e+01 -5.027045165359804e-01 -5.992929672732549e-01
7.441334122872392e+01 -5.552877375638657e-01 -5.532487222615503e-01
7.450453404885722e+01 -6.034903051998205e-01 -5.032953561783728e-01
7.459572686899052e+01 -6.469768245580187e-01 -4.498956170922928e-01
7.468691968912383e+01 -6.854540459202867e-01 -3.935098354824475e-01
7.477811250925713e+01 -7.186703407883757e-01 -3.345896347084485e-01
7.486930532939043e+01 -7.464147052645661e-01 -2.735738563844360e-01
7.496049814952373e+01 -7.685154911184233e-01 -2.108866413903749e-01
7.505169096965703e+01 -7.848390535033870e-01 -1.469374811127563e-01
7.514288378979033e+01 -7.952884828164746e-01 -8.212295851611938e-02
7.523407660992363e+01 -7.998025593930979e-01 -1.682983216433883e-02
7.532526943005693e+01 -7.983550359785072e-01 4.856092669136237e-02
7.541646225019024e+01 -7.909543160994102e-01 1.136695590294247e-01
7.550765507032354e+01 -7.776435579657993e-01 1.781128322939327e-01
7.559884789045684e+01 -7.585011943891224e-01 2.414996736036635e-01
7.569004071059014e+01 -7.336418202626674e-01 3.034275446787580e-01
7.578123353072344e+01 -7.032173613230923e-01 3.634799632142894e-01
7.587242635085674e+01 -6.674184023807478e-01 4.212255422805655e-01
7.596361917099004e+01 -6.264755215912026e-01 4.762188656361599e-01
7.605481199112334e+01 -5.806604517727204e-01 5.280034370419791e-01
7.614600481125665e+01 -5.302868728396546e-01 5.761168316636968e-01
7.623719763138995e+01 -4.757106339433518e-01 6.200980366269692e-01
7.632839045152325e+01 -4.173292125716617e-01 6.594967999416556e-01
7.641958327165655e+01 -3.555802426760161e-01 6.938846227705417e-01
7.651077609178985e+01 -2.909389856430226e-01 7.228668462668649e-01
7.660196891192315e+01 -2.239146755839715e-01 7.460951230531986e-01
7.669316173205645e+01 -1.550457408063161e-01 7.632794493611016e-01
7.678435455218975e+01 -8.489398109520427e-02 7.741988895631327e-01
7.687554737232306e+01 -1.403785841153710e-02 7.787101662650998e-01
7.696674019245636e+01 5.693487133084321e-02 7.767534211461146e-01
7.705793301258966e+01 1.274349035763856e-01 7.683546654586492e-01
7.714912583272296e+01 1.968791939316837e-01 7.536247120207438e-01
7.724031865285626e+01 2.646985114649422e-01 7.327546796810489e-01
7.733151147298956e+01 3.303444391468299e-01 7.060084488783701e-01
7.742270429312286e+01 3.932955700490540e-01 6.737126874169220e-01
7.751389711325616e+01 4.530627125926440e-01 6.362452317521559e-01
7.760508993338946e+01 5.091929939755224e-01 5.940226864775546e-01
7.769628275352277e+01 5.612728296902698e-01 5.474880929280136e-01
7.778747557365607e+01 6.089298011026330e-01 4.970994288960591e-01
7.787866839378937e+01 6.518335462562640e-01 4.433195559924547e-01
7.796986121392267e+01 6.896958173427021e-01 3.866080535098493e-01
7.806105403405597e+01 7.222698897828755e-01 3.274151912480781e-01
7.815224685418927e+01 7.493495227282627e-01 2.661781178168670e-01
7.824343967432257e+01 7.707676706039770e-01 2.033191884747599e-01
7.833463249445587e+01 7.863951325704371e-01 1.392462341530214e-01
7.842582531458918e+01 7.961393042965211e-01 7.435448192464050e-02
7.851701813472248e+01 7.999431669297240e-01 9.029773787873393e-03
7.860821095485578e+01 7.977846139439518e-01 -5.634730995033425e-02
7.869940377498908e+01 7.896761794633923e-01 -1.213968398230193e-01
7.879059659512238e+01 7.756651930413481e-01 -1.857348669608519e-01
7.888178941525568e+01 7.558343467094993e-01 -2.489691227883704e-01
7.897298223538898e+01 7.303026212543113e-01 -3.106955098994141e-01
7.906417505552228e+01 6.992264810546970e-01 -3.704957857800408e-01
7.915536787565559e+01 6.628012116558557e-01 -4.279368057479421e-01
7.924656069578889e+01 6.212622432382119e-01 -4.825716349500816e-01
7.933775351592219e+01 5.748862784590978e-01 -5.339427560290155e-01
7.942894633605549e+01 5.239920274265822e-01 -5.815874853276558e-01
7.952013915618879e+01 4.689403486393185e-01 -6.250455659461245e-01
7.961133197632209e+01 4.101336052255121e-01 -6.638687354841927e-01
7.970252479645539e+01 3.480140726409129e-01 -6.976318811139562e-01
7.979371761658869e+01 2.830612777243103e-01 -7.259452123308701e-01
7.988491043672200e+01 2.157882083947532e-01 -7.484667249020804e-01
7.997610325685530e+01 1.467364048667205e-01 -7.649141226929481e-01
8.006729607698860e+01 7.647002145328859e-02 -7.750753293307879e-01
8.015848889712190e+01 5.569025496466313e-03 -7.788167739019984e-01
8.024968171725520e+01 -6.537823147283055e-02 -7.760887773880178e-01
8.034087453738850e+01 -1.357827834434636e-01 -7.669275887569159e-01
8.043206735752180e+01 -2.050628448319561e-01 -7.514538975597989e-01
8.052326017765510e+01 -2.726513127759667e-01 -7.298679496625256e-01
8.061445299778840e+01 -3.380026837499676e-01 -7.024416765213199e-01
8.070564581792171e+01 -4.005991399843558e-01 -6.695084812541575e-01
8.079683863805501e+01 -4.599556275972002e-01 -6.314514808301896e-01
8.088803145818831e+01 -5.156238249678821e-01 -5.886910702131759e-01
8.097922427832161e+01 -5.671949784804137e-01 -5.416726524794915e-01
8.107041709845491e+01 -6.143016558134271e-01 -4.908552820682298e-01
8.116160991858821e+01 -6.566185285386187e-01 -4.367018177150106e-01
8.125280273872151e+01 -6.938623421184875e-01 -3.796710017327081e-01
8.134399555885481e+01 -7.257912608760934e-01 -3.202116962517472e-01
8.143518837898812e+01 -7.522037884701682e-01 -2.587593333355737e-01
8.152638119912142e+01 -7.729374625833115e-01 -1.957344867897508e-01
8.161757401925472e+01 -7.878675084745844e-01 -1.315433548158619e-01
8.170876683938802e+01 -7.969056125896189e-01 -6.657985482969972e-02
8.179995965952132e+01 -7.999989472411014e-01 -1.228971388462472e-03
8.189115247965462e+01 -7.971295427390407e-01 6.412904007638176e-02
8.198234529978792e+01 -7.883140660227076e-01 1.291140127377060e-01
8.207353811992122e+01 -7.736040261144257e-01 1.933412197677189e-01
8.216473094005453e+01 -7.530863875442390e-01 2.564171465245945e-01
8.225592376018783e+01 -7.268845341302522e-01 3.179361031066406e-01
8.234711658032113e+01 -6.951594880984073e-01 3.774780756592045e-01
8.243830940045443e+01 -6.581112547621982e-01 4.346081772906645e-01
8.252950222058773e+01 -6.159801325972998e-01 4.888780000133105e-01
8.262069504072103e+01 -5.690478047888496e-01 5.398290824037691e-01
8.271188786085433e+01 -5.176380138681255e-01 5.869985901907996e-01
8.280308068098763e+01 -4.621166187207315e-01 6.299271589571482e-01
8.289427350112094e+01 -4.028908456151370e-01 6.681686751893653e-01
8.298546632125424e+01 -3.404075737450860e-01 7.013015860244489e-01
8.307665914138754e+01 -2.751505414909969e-01 7.289411475249171e-01
8.316785196152084e+01 -2.076364206715682e-01 7.507518691612224e-01
8.325904478165414e+01 -1.384097787699390e-01 7.664593128780007e-01
8.335023760178744e+01 -6.803702763716686e-02 7.758603801809484e-01
8.344143042192074e+01 2.900465982119169e-03 7.788312837691728e-01
8.353262324205404e+01 7.381386579982235e-02 7.753325530858614e-01
8.362381606218734e+01 1.441146555699957e-01 7.654106535129984e-01
8.371500888232065e+01 2.132224155494230e-01 7.491960813918482e-01
8.380620170245395e+01 2.805722695894325e-01 7.268980969184130e-01
8.389739452258725e+01 3.456217144281161e-01 6.987965363740809e-01
8.398858734272055e+01 4.078565937855049e-01 6.652313699665455e-01
8.407978016285385e+01 4.667960479336449e-01 6.265908173403092e-01
8.417097298298715e+01 5.219963466978041e-01 5.832988884678378e-01
8.426216580312045e+01 5.730535921526053e-01 5.358031859701947e-01
8.435335862325375e+01 6.196053492309431e-01 4.845637004180847e-01
8.444455144338706e+01 6.613313223842042e-01 4.300431747703469e-01
8.453574426352036e+01 6.979532407946051e-01 3.726994323356800e-01
8.462693708365366e+01 7.292341421022348e-01 3.129798772075250e-01
8.471812990378696e+01 7.549772556941075e-01 2.513182048450543e-01
8.480932272392026e+01 7.750246831742061e-01 1.881332148175106e-01
8.490051554405356e+01 7.892560583069845e-01 1.238295028084336e-01
8.499170836418686e+01 7.975873443325830e-01 5.879972465131533e-02
8.508290118432016e+01 7.999698957312458e-01 -6.571932268426501e-03
8.517409400445347e+01 7.963898764773808e-01 -7.190547090338129e-02
8.526528682458677e+01 7.868680892690205e-01 -1.368204204596960e-01
8.535647964472007e+01 7.714602313880468e-01 -2.009312155387791e-01
8.544767246485337e+01 7.502575536794232e-01 -2.638430467943495e-01
8.553886528498667e+01 7.233878604813078e-01 -3.251486008493631e-01
8.563005810511997e+01 6.910167511764224e-01 -3.844260843439805e-01
8.572125092525327e+01 6.533489696923868e-01 -4.412388871464883e-01
8.581244374538657e+01 6.106296985557951e-01 -4.951371773269456e-01
8.590363656551988e+01 5.631456113098420e-01 -5.456616302305480e-01
8.599482938565318e+01 5.112254839423005e-01 -5.923493727560267e-01
8.608602220578648e+01 4.552401652641874e-01 -6.347420725366245e-01
8.617721502591978e+01 3.956017204396530e-01 -6.723959264664625e-01
8.626840784605308e+01 3.327615927363330e-01 -7.048931166959640e-01
8.635960066618638e+01 2.672076762288916e-01 -7.318541238128105e-01
8.645079348631968e+01 1.994602548821459e-01 -7.529501398022673e-01
8.654198630645298e+01 1.300668371907861e-01 -7.679147319257089e-01
8.663317912658628e+01 5.959599428822304e-02 -7.765538936979424e-01
8.672437194671959e+01 -1.136961446599613e-02 -7.787536931100656e-01
8.681556476685289e+01 -8.224077917115019e-02 -7.744848912560903e-01
8.690675758698619e+01 -1.524295443030720e-01 -7.638041426501270e-01
8.699795040711949e+01 -2.213569621986546e-01 -7.468516749998191e-01
8.708914322725279e+01 -2.884604808168977e-01 -7.238456456085471e-01
8.718033604738609e+01 -3.532006823116682e-01 -6.950736461301570e-01
8.727152886751939e+01 -4.150671423842368e-01 -6.608820438345943e-01
8.736272168765269e+01 -4.735832499817399e-01 -6.216639828823807e-01
8.745391450778600e+01 -5.283099047383187e-01 -5.778469139385424e-01
8.754510732791930e+01 -5.788480874663382e-01 -5.298804791585233e-01
8.763630014805260e+01 -6.248403697827106e-01 -4.782254677637456e-01
8.772749296818590e+01 -6.659714871617243e-01 -4.233443975965149e-01
8.781868578831920e+01 -7.019681420826317e-01 -3.656940947164928e-01
8.790987860845250e+01 -7.325982293899789e-01 -3.057204585349391e-01
8.800107142858580e+01 -7.576696852207142e-01 -2.438554312889496e-01
8.809226424871910e+01 -7.770291558588761e-01 -1.805160485150035e-01
8.818345706885241e+01 -7.905606663227875e-01 -1.161053360029872e-01
8.827464988898571e+01 -7.981844431972891e-01 -5.101473783864453e-02
8.836584270911901e+01 -7.998560147937923e-01 1.437229443551130e-02
8.845703552925231e+01 -7.955656763043737e-01 7.967595532907865e-02
8.854822834938561e+01 -7.853383698517553e-01 1.445154038701389e-01
8.863942116951891e+01 -7.692339904210490e-01 2.085041765948971e-01
8.873061398965221e+01 -7.473480895078167e-01 2.712461226296559e-01
8.882180680978551e+01 -7.198129097822524e-01 3.323322766053073e-01
8.891299962991882e+01 -6.867986471659786e-01 3.913390605214366e-01
8.900419245005212e+01 -6.485148028214591e-01 4.478281634458360e-01
8.909538527018542e+01 -6.052114585266298e-01 5.013483824349869e-01
8.918657809031872e+01 -5.571802871134267e-01 5.514396142098235e-01
8.927777091045202e+01 -5.047550978245550e-01 5.976390621539067e-01
8.936896373058532e+01 -4.483117174008975e-01 6.394895684955727e-01
8.946015655071862e+01 -3.882670238896778e-01 6.765498041609589e-01
8.955134937085192e+01 -3.250769830594809e-01 7.084058623034860e-01
8.964254219098522e+01 -2.592335868988399e-01 7.346836255546488e-01
8.973373501111853e+01 -1.912606579397088e-01 7.550611353005781e-01
8.982492783125183e+01 -1.217085578482636e-01 7.692801079832986e-01
8.991612065138513e+01 -5.114791756855284e-02 7.771557386303439e-01
9.000731347151843e+01 1.983741846209942e-02 7.785840166644723e-01
9.009850629165173e+01 9.065797809448134e-02 7.735459520207825e-01
9.018969911178503e+01 1.607264771537482e-01 7.621083551170867e-01
9.028089193191833e+01 2.294655454471549e-01 7.444211042138998e-01
9.037208475205163e+01 2.963150511365827e-01 7.207111321009526e-01
9.046327757218494e+01 3.607387453016168e-01 6.912736332586790e-01
9.055447039231824e+01 4.222300042583928e-01 6.564612003668208e-01
9.064566321245154e+01 4.803165182118713e-01 6.166717237931298e-01
9.073685603258484e+01 5.345638530787961e-01 5.723359217741074e-01
9.082804885271814e+01 5.845778897287784e-01 5.239053182931264e-01
9.091924167285144e+01 6.300062144143134e-01 4.718413668553328e-01
9.101043449298474e+01 6.705385906063340e-01 4.166062544503767e-01
9.110162731311804e+01 7.059066828281464e-01 3.586557354302874e-01
9.119282013325135e+01 7.358832265290702e-01 2.984341615784358e-01
9.128401295338465e+01 7.602808454554254e-01 2.363717086861155e-01
9.137520577351795e+01 7.789507114568944e-01 1.728836613844696e-01
9.146639859365125e+01 7.917812239217050e-01 1.083715105324185e-01
9.155759141378455e+01 7.986968598807204e-01 4.322553998062826e-02
9.164878423391785e+01 7.996573138124304e-01 -2.217147226826987e-02
9.173997705405115e+01 7.946570104079965e-01 -8.743984520529337e-02
9.183116987418445e+01 7.837250355982398e-01 -1.521983019512528e-01
9.192236269431775e+01 7.669254921556891e-01 -2.160594226855540e-01
9.201355551445106e+01 7.443582470611315e-01 -2.786256700796583e-01
9.210474833458436e+01 7.161599994251638e-01 -3.394864007913359e-01
9.219594115471766e+01 6.825055611295326e-01 -3.982162501333981e-01
9.228713397485096e+01 6.436092089291819e-01 -4.543752323250859e-01
9.237832679498426e+01 5.997259384578377e-01 -5.075108300916008e-01
9.246951961511756e+01 5.511524298263367e-01 -5.571622498960690e-01
9.256071243525086e+01 4.982275240577737e-01 -6.028668904032231e-01
9.265190525538416e+01 4.413320122614430e-01 -6.441689138702497e-01
9.274309807551747e+01 3.808875575648045e-01 -6.806296308589588e-01
9.283429089565077e+01 3.173546047462165e-01 -7.118392223013620e-01
9.292548371578407e+01 2.512291840004371e-01 -7.374291497777247e-01
9.301667653591737e+01 1.830385810440291e-01 -7.570844688579353e-01
9.310786935605067e+01 1.133359213292065e-01 -7.705551854922712e-01
9.319906217618397e+01 4.269379497387852e-02 -7.776658009681588e-01
9.329025499631727e+01 -2.830287673275144e-02 -7.783222866598157e-01
9.338144781645057e+01 -9.906447091133565e-02 -7.725159125137598e-01
9.347264063658388e+01 -1.690044849703955e-01 -7.603236057171701e-01
9.356383345671718e+01 -2.375472306701187e-01 -7.419048089775783e-01
9.365502627685048e+01 -3.041350911246223e-01 -7.174951046937061e-01
9.374621909698378e+01 -3.682350681742254e-01 -6.873971347031548e-01
9.383741191711708e+01 -4.293444055088744e-01 -6.519695439965353e-01
9.392860473725038e+01 -4.869951452350048e-01 -6.116147908602036e-01
9.401979755738368e+01 -5.407575541502305e-01 -5.667666893223443e-01
9.411099037751698e+01 -5.902424327989593e-01 -5.178784899047366e-01
9.420218319765029e+01 -6.351023885769184e-01 -4.654121792184074e-01
9.429337601778359e+01 -6.750322087953537e-01 -4.098295113052043e-01
9.438456883791689e+01 -7.097685079795376e-01 -3.515850981400814e-01
9.447576165805019e+01 -7.390888451368619e-01 -2.911217046063005e-01
9.456695447818349e+01 -7.628105123568883e-01 -2.288677301712571e-01
9.465814729831679e+01 -7.807891880988922e-01 -1.652367245473947e-01
9.474934011845009e+01 -7.929176296296209e-01 -1.006286808881515e-01
9.484053293858339e+01 -7.991245520962135e-01 -3.543277591775162e-02
9.493172575871669e+01 -7.993738091625804e-01 2.996882270963945e-02
9.502291857885000e+01 -7.936639540307621e-01 9.519649122948481e-02
9.511411139898330e+01 -7.820282215348515e-01 1.598684516950264e-01
9.520530421911660e+01 -7.645349329459572e-01 2.235962709245649e-01
9.529649703924990e+01 -7.412882860426175e-01 2.859809821825004e-01
9.538768985938320e+01 -7.124294547526232e-01 3.466102407794018e-01
9.547888267951650e+01 -6.781378863442585e-01 4.050568964425612e-01
9.557007549964980e+01 -6.386326512210888e-01 4.608793180463381e-01
9.566126831978310e+01 -5.941736728402054e-01 5.136237344346758e-01
9.575246113991641e+01 -5.450626456001916e-01 5.628287539211961e-01
9.584365396004971e+01 -4.916434395194362e-01 6.080320926758740e-01
9.593484678018301e+01 -4.343017949173609e-01 6.487793812155326e-01
9.602603960031631e+01 -3.734641303877693e-01 6.846347371920040e-01
9.611723242044961e+01 -3.095953243016925e-01 7.151926067194937e-01
9.620842524058291e+01 -2.431953834328279e-01 7.400902064427460e-01
9.629961806071621e+01 -1.747949795201069e-01 7.590197686182243e-01
9.639081088084951e+01 -1.049499109102794e-01 7.717397253360263e-01
9.648200370098282e+01 -3.423462514568068e-02 7.780839840099819e-01
9.657319652111612e+01 3.676498848573951e-02 7.779685527920880e-01
9.666438934124942e+01 1.074592679815276e-01 7.713949667769541e-01
9.675558216138272e+01 1.772626021101461e-01 7.584502249287829e-01
9.684677498151602e+01 2.456010881026080e-01 7.393032431073703e-01
9.693796780164932e+01 3.119197173832712e-01 7.141981233329218e-01
9.702916062178262e+01 3.756888226824156e-01 6.834447965789018e-01
9.712035344191592e+01 4.364095799333039e-01 6.474077857797349e-01
9.721154626204923e+01 4.936184318495480e-01 6.064939390394303e-01
9.730273908218253e+01 5.468903788478028e-01 5.611399958820481e-01
9.739393190231583e+01 5.958411590897442e-01 5.118007806038924e-01
9.748512472244913e+01 6.401284062131367e-01 4.589386850038260e-01
9.757631754258243e+01 6.794519261229124e-01 4.030149317547285e-01
9.766751036271573e+01 7.135532705563177e-01 3.444829235733016e-01
9.775870318284903e+01 7.422148046248892e-01 2.837838028149499e-01
9.784989600298233e+01 7.652584694058432e-01 2.213441860400047e-01
9.794108882311563e+01 7.825444312010927e-01 1.575759068218444e-01
9.803228164324894e+01 7.939697890812880e-01 9.287750002021374e-02
9.812347446338224e+01 7.994674845659381e-01 2.763708985477337e-02
9.821466728351554e+01 7.990055242143372e-01 -3.776370237498897e-02
9.830586010364884e+01 7.925865894828582e-01 -1.029452428378281e-01
9.839705292378214e+01 7.802480699091460e-01 -1.675251880146345e-01
9.848824574391544e+01 7.620625165865695e-01 -2.311140357296458e-01
9.857943856404874e+01 7.381384738599377e-01 -2.933113489420682e-01
9.867063138418204e+01 7.086216090907164e-01 -3.537030609182087e-01
9.876182420431535e+01 6.736960243307955e-01 -4.118602401048774e-01
9.885301702444865e+01 6.335856013481816e-01 -4.673396431236610e-01
9.894420984458195e+01 5.885552047130015e-01 -5.196863091656206e-01
9.903540266471525e+01 5.389115490985387e-01 -5.684383442234713e-01
9.912659548484855e+01 4.850035293858658e-01 -6.131339075659354e-01
9.921778830498185e+01 4.272218183195232e-01 -6.533202489006283e-01
9.930898112511515e+01 3.659975585153011e-01 -6.885644621419479e-01
9.940017394524845e+01 3.018000145879198e-01 -7.184654364570772e-01
9.949136676538176e+01 2.351331063526324e-01 -7.426663187050654e-01
9.958255958551506e+01 1.665308126545387e-01 -7.608666778758286e-01
9.967375240564836e+01 9.655151237841371e-02 -7.728335049784136e-01
9.976494522578166e+01 2.577140768265380e-02 -7.784102084200255e-01
9.985613804591496e+01 -4.522275356412996e-02 -7.775228821964649e-01
9.994733086604826e+01 -1.158413818664288e-01 -7.701833256471324e-01

