8.000000e-01 8.000000e-01
8.709055e-01 7.657235e-01
9.385429e-01 7.278714e-01
1.002606e+00 6.868359e-01
1.062824e+00 6.429834e-01
1.118957e+00 5.966459e-01
1.170794e+00 5.481150e-01
1.218147e+00 4.976389e-01
1.260850e+00 4.454211e-01
1.298752e+00 3.916216e-01
1.331717e+00 3.363591e-01
1.359616e+00 2.797158e-01
1.382326e+00 2.217420e-01
1.399728e+00 1.624628e-01
1.411704e+00 1.018848e-01
1.418137e+00 4.000381e-02
1.418908e+00 -2.318739e-02
1.413898e+00 -8.769006e-02
1.402990e+00 -1.534908e-01
1.386068e+00 -2.205520e-01
1.363019e+00 -2.888026e-01
1.333741e+00 -3.581277e-01
1.298145e+00 -4.283591e-01
1.256157e+00 -4.992662e-01
1.207730e+00 -5.705465e-01
1.152847e+00 -6.418193e-01
1.091529e+00 -7.126199e-01
1.023843e+00 -7.823975e-01
9.499092e-01 -8.505174e-01
8.699098e-01 -9.162676e-01
7.840941e-01 -9.788710e-01
6.927838e-01 -1.037505e+00
5.963766e-01 -1.091325e+00
4.953462e-01 -1.139499e+00
3.902399e-01 -1.181238e+00
2.816730e-01 -1.215838e+00
1.703195e-01 -1.242711e+00
5.689967e-02 -1.261427e+00
-5.783495e-02 -1.271729e+00
-1.731183e-01 -1.273556e+00
-2.881879e-01 -1.267045e+00
-4.023022e-01 -1.252521e+00
-5.147569e-01 -1.230479e+00
-6.248993e-01 -1.201556e+00
-7.321393e-01 -1.166493e+00
-8.359570e-01 -1.126094e+00
-9.359072e-01 -1.081195e+00
-1.031620e+00 -1.032622e+00
-1.122799e+00 -9.811588e-01
-1.209215e+00 -9.275299e-01
-1.290702e+00 -8.723761e-01
-1.367148e+00 -8.162463e-01
-1.438485e+00 -7.595918e-01
-1.504683e+00 -7.027656e-01
-1.565739e+00 -6.460259e-01
-1.621668e+00 -5.895426e-01
-1.672499e+00 -5.334047e-01
-1.718264e+00 -4.776297e-01
-1.758994e+00 -4.221729e-01
-1.794714e+00 -3.669367e-01
-1.825438e+00 -3.117793e-01
-1.851165e+00 -2.565238e-01
-1.871878e+00 -2.009655e-01
-1.887538e+00 -1.448797e-01
-1.898088e+00 -8.802880e-02
-1.903448e+00 -3.016843e-02
-1.903513e+00 2.894542e-02
-1.898161e+00 8.954999e-02
-1.887247e+00 1.518687e-01
-1.870604e+00 2.161037e-01
-1.848053e+00 2.824273e-01
-1.819398e+00 3.509730e-01
-1.784432e+00 4.218247e-01
-1.742947e+00 4.950048e-01
-1.694732e+00 5.704613e-01
-1.639588e+00 6.480532e-01
-1.577331e+00 7.275353e-01
-1.507806e+00 8.085431e-01
-1.430896e+00 8.905783e-01
-1.346536e+00 9.729975e-01
-1.254726e+00 1.055004e+00
-1.155545e+00 1.135648e+00
-1.049166e+00 1.213835e+00
-9.358651e-01 1.288347e+00
-8.160335e-01 1.357875e+00
-6.901835e-01 1.421072e+00
-5.589489e-01 1.476608e+00
-4.230803e-01 1.523248e+00
-2.834329e-01 1.559922e+00
-1.409487e-01 1.585802e+00
3.368713e-03 1.600359e+00
1.484832e-01 1.603408e+00
2.933580e-01 1.595122e+00
4.369879e-01 1.576021e+00
5.784291e-01 1.546935e+00
7.168251e-01 1.508947e+00
8.514259e-01 1.463318e+00
9.816010e-01 1.411411e+00
1.106845e+00 1.354614e+00
1.226776e+00 1.294275e+00
1.341132e+00 1.231650e+00
1.449758e+00 1.167861e+00
1.552593e+00 1.103877e+00
1.649657e+00 1.040498e+00
1.741035e+00 9.783614e-01
1.826863e+00 9.179468e-01
1.907312e+00 8.595893e-01
1.982579e+00 8.034969e-01
2.052874e+00 7.497678e-01
2.118412e+00 6.984079e-01
2.179405e+00 6.493474e-01
2.236056e+00 6.024555e-01
2.288553e+00 5.575537e-01
2.337067e+00 5.144267e-01
2.381747e+00 4.728321e-01
2.422721e+00 4.325076e-01
2.460092e+00 3.931776e-01
2.493936e+00 3.545573e-01
2.524305e+00 3.163569e-01
2.551223e+00 2.782843e-01
2.574689e+00 2.400463e-01
2.594675e+00 2.013505e-01
2.611126e+00 1.619061e-01
2.623960e+00 1.214237e-01
2.633072e+00 7.961573e-02
2.638328e+00 3.619647e-02
2.639569e+00 -9.118294e-03
2.636611e+00 -5.661125e-02
2.629244e+00 -1.065635e-01
2.617233e+00 -1.592540e-01
2.600317e+00 -2.149586e-01
2.578211e+00 -2.739484e-01
2.550605e+00 -3.364864e-01
2.517168e+00 -4.028237e-01
2.477544e+00 -4.731927e-01
2.431358e+00 -5.477985e-01
2.378220e+00 -6.268069e-01
2.317725e+00 -7.103293e-01
2.249462e+00 -7.984018e-01
2.173021e+00 -8.909609e-01
2.088005e+00 -9.878131e-01
1.994038e+00 -1.088600e+00
1.890788e+00 -1.192758e+00
1.777985e+00 -1.299482e+00
1.655444e+00 -1.407680e+00
1.523092e+00 -1.515950e+00
1.380998e+00 -1.622565e+00
1.229403e+00 -1.725479e+00
1.068744e+00 -1.822380e+00
8.996780e-01 -1.910774e+00
7.230906e-01 -1.988116e+00
5.400937e-01 -2.051980e+00
3.520063e-01 -2.100254e+00
1.603170e-01 -2.131332e+00
-3.336934e-02 -2.144275e+00
-2.273971e-01 -2.138915e+00
-4.201320e-01 -2.115883e+00
-6.100308e-01 -2.076548e+00
-7.957031e-01 -2.022887e+00
-9.759582e-01 -1.957303e+00
-1.149835e+00 -1.882427e+00
-1.316612e+00 -1.800919e+00
-1.475807e+00 -1.715313e+00
-1.627152e+00 -1.627895e+00
-1.770577e+00 -1.540628e+00
-1.906170e+00 -1.455128e+00
-2.034151e+00 -1.372657e+00
-2.154839e+00 -1.294153e+00
-2.268625e+00 -1.220267e+00
-2.375947e+00 -1.151409e+00
-2.477271e+00 -1.087791e+00
-2.573075e+00 -1.029475e+00
-2.663838e+00 -9.764058e-01
-2.750029e+00 -9.284479e-01
-2.832102e+00 -8.854100e-01
-2.910493e+00 -8.470673e-01
-2.985617e+00 -8.131780e-01
-3.057864e+00 -7.834963e-01
-3.127605e+00 -7.577813e-01
-3.195189e+00 -7.358039e-01
-3.260945e+00 -7.173509e-01
-3.325182e+00 -7.022278e-01
-3.388193e+00 -6.902601e-01
-3.450259e+00 -6.812933e-01
-3.511643e+00 -6.751924e-01
-3.572600e+00 -6.718402e-01
-3.633374e+00 -6.711359e-01
-3.694201e+00 -6.729917e-01
-3.755309e+00 -6.773307e-01
-3.816919e+00 -6.840833e-01
-3.879247e+00 -6.931831e-01
-3.942504e+00 -7.045629e-01
-4.006890e+00 -7.181504e-01
-4.072604e+00 -7.338629e-01
-4.139833e+00 -7.516023e-01
-4.208756e+00 -7.712493e-01
-4.279538e+00 -7.926584e-01
-4.352332e+00 -8.156514e-01
-4.427271e+00 -8.400127e-01
-4.504468e+00 -8.654839e-01
-4.584010e+00 -8.917603e-01
-4.665954e+00 -9.184871e-01
-4.750323e+00 -9.452594e-01
-4.837101e+00 -9.716221e-01
-4.926229e+00 -9.970745e-01
-5.017599e+00 -1.021076e+00
-5.111056e+00 -1.043058e+00
-5.206389e+00 -1.062433e+00
-5.303336e+00 -1.078616e+00
-5.401582e+00 -1.091042e+00
-5.500763e+00 -1.099182e+00
-5.600469e+00 -1.102573e+00
-5.700253e+00 -1.100830e+00
-5.799635e+00 -1.093668e+00
-5.898116e+00 -1.080916e+00
-5.995188e+00 -1.062525e+00
-6.090341e+00 -1.038570e+00
-6.183081e+00 -1.009250e+00
-6.272935e+00 -9.748773e-01
-6.359464e+00 -9.358634e-01
-6.442268e+00 -8.927018e-01
-6.520998e+00 -8.459478e-01
-6.595355e+00 -7.961972e-01
-6.665095e+00 -7.440658e-01
-6.730031e+00 -6.901700e-01
-6.790030e+00 -6.351105e-01
-6.845014e+00 -5.794582e-01
-6.894952e+00 -5.237444e-01
-6.939862e+00 -4.684530e-01
-6.979801e+00 -4.140162e-01
-7.014866e+00 -3.608127e-01
-7.045181e+00 -3.091678e-01
-7.070902e+00 -2.593550e-01
-7.092205e+00 -2.115992e-01
-7.109285e+00 -1.660800e-01
-7.122349e+00 -1.229356e-01
-7.131619e+00 -8.226751e-02
-7.137322e+00 -4.414383e-02
-7.139691e+00 -8.603652e-03
-7.138959e+00 2.433966e-02
-7.135362e+00 5.469526e-02
-7.129132e+00 8.249209e-02
-7.120500e+00 1.077765e-01
-7.109691e+00 1.306101e-01
-7.096922e+00 1.510683e-01
-7.082406e+00 1.692387e-01
-7.066344e+00 1.852196e-01
-7.048931e+00 1.991195e-01
-7.030348e+00 2.110558e-01
-7.010770e+00 2.211536e-01
-6.990355e+00 2.295456e-01
-6.969253e+00 2.363702e-01
-6.947598e+00 2.417717e-01
-6.925513e+00 2.458981e-01
-6.903107e+00 2.489011e-01
-6.880474e+00 2.509341e-01
-6.857695e+00 2.521514e-01
-6.834836e+00 2.527069e-01
-6.811952e+00 2.527525e-01
-6.789081e+00 2.524369e-01
-6.766249e+00 2.519038e-01
-6.743471e+00 2.512911e-01
-6.720746e+00 2.507287e-01
-6.698066e+00 2.503379e-01
-6.675409e+00 2.502294e-01
-6.652745e+00 2.505025e-01
-6.630035e+00 2.512439e-01
-6.607235e+00 2.525269e-01
-6.584292e+00 2.544101e-01
-6.561149e+00 2.569371e-01
-6.537748e+00 2.601362e-01
-6.514025e+00 2.640195e-01
-6.489921e+00 2.685834e-01
-6.465373e+00 2.738083e-01
-6.440323e+00 2.796590e-01
-6.414717e+00 2.860854e-01
-6.388505e+00 2.930228e-01
-6.361646e+00 3.003930e-01
-6.334102e+00 3.081055e-01
-6.305849e+00 3.160585e-01
-6.276869e+00 3.241404e-01
-6.247156e+00 3.322314e-01
-6.216715e+00 3.402050e-01
-6.185562e+00 3.479299e-01
-6.153726e+00 3.552717e-01
-6.121248e+00 3.620948e-01
-6.088181e+00 3.682639e-01
-6.054590e+00 3.736463e-01
-6.020552e+00 3.781129e-01
-5.986156e+00 3.815401e-01
-5.951501e+00 3.838112e-01
-5.916697e+00 3.848171e-01
-5.881863e+00 3.844580e-01
-5.847126e+00 3.826432e-01
-5.812623e+00 3.792924e-01
-5.778496e+00 3.743353e-01
-5.744892e+00 3.677120e-01
-5.711965e+00 3.593727e-01
-5.679873e+00 3.492773e-01
-5.648775e+00 3.373946e-01
-5.618835e+00 3.237025e-01
-5.590217e+00 3.081863e-01
-5.563086e+00 2.908390e-01
-5.537609e+00 2.716601e-01
-5.513951e+00 2.506553e-01
-5.492277e+00 2.278360e-01
-5.472751e+00 2.032194e-01
-5.455534e+00 1.768282e-01
-5.440785e+00 1.486912e-01
-5.428662e+00 1.188435e-01
-5.419316e+00 8.732767e-02
-5.412898e+00 5.419449e-02
-5.409550e+00 1.950462e-02
-5.409411e+00 -1.666989e-02
-5.412611e+00 -5.424377e-02
-5.419272e+00 -9.311645e-02
-5.429507e+00 -1.331699e-01
-5.443417e+00 -1.742666e-01
-5.461089e+00 -2.162472e-01
-5.482594e+00 -2.589285e-01
-5.507988e+00 -3.021022e-01
-5.537304e+00 -3.455333e-01
-5.570554e+00 -3.889598e-01
-5.607725e+00 -4.320929e-01
-5.648776e+00 -4.746182e-01
-5.693636e+00 -5.161982e-01
-5.742205e+00 -5.564759e-01
-5.794348e+00 -5.950799e-01
-5.849896e+00 -6.316306e-01
-5.908645e+00 -6.657477e-01
-5.970359e+00 -6.970593e-01
-6.034767e+00 -7.252107e-01
-6.101569e+00 -7.498745e-01
-6.170434e+00 -7.707600e-01
-6.241010e+00 -7.876220e-01
-6.312923e+00 -8.002688e-01
-6.385785e+00 -8.085672e-01
-6.459198e+00 -8.124471e-01
-6.532762e+00 -8.119019e-01
-6.606078e+00 -8.069874e-01
-6.678756e+00 -7.978180e-01
-6.750417e+00 -7.845600e-01
-6.820701e+00 -7.674243e-01
-6.889266e+00 -7.466563e-01
-6.955797e+00 -7.225262e-01
-7.020002e+00 -6.953186e-01
-7.081616e+00 -6.653225e-01
-7.140398e+00 -6.328219e-01
-7.196134e+00 -5.980884e-01
-7.248635e+00 -5.613737e-01
-7.297730e+00 -5.229053e-01
-7.343271e+00 -4.828824e-01
-7.385125e+00 -4.414742e-01
-7.423172e+00 -3.988191e-01
-7.457305e+00 -3.550251e-01
-7.487425e+00 -3.101718e-01
-7.513438e+00 -2.643127e-01
-7.535255e+00 -2.174787e-01
-7.552789e+00 -1.696823e-01
-7.565951e+00 -1.209216e-01
-7.574655e+00 -7.118572e-02
-7.578811e+00 -2.045993e-02
-7.578329e+00 3.126876e-02
-7.573118e+00 8.400567e-02
-7.563088e+00 1.377424e-01
-7.548148e+00 1.924503e-01
-7.528213e+00 2.480745e-01
-7.503204e+00 3.045272e-01
-7.473050e+00 3.616816e-01
-7.437697e+00 4.193659e-01
-7.397106e+00 4.773578e-01
-7.351260e+00 5.353808e-01
-7.300173e+00 5.931007e-01
-7.243888e+00 6.501244e-01
-7.182488e+00 7.060016e-01
-7.116100e+00 7.602284e-01
-7.044899e+00 8.122544e-01
-6.969108e+00 8.614943e-01
-6.889009e+00 9.073416e-01
-6.804935e+00 9.491864e-01
-6.717277e+00 9.864369e-01
-6.626475e+00 1.018541e+00
-6.533018e+00 1.045009e+00
-6.437436e+00 1.065436e+00
-6.340289e+00 1.079524e+00
-6.242162e+00 1.087089e+00
-6.143647e+00 1.088077e+00
-6.045338e+00 1.082565e+00
-5.947815e+00 1.070752e+00
-5.851636e+00 1.052954e+00
-5.757324e+00 1.029583e+00
-5.665361e+00 1.001126e+00
-5.576185e+00 9.681264e-01
-5.490181e+00 9.311537e-01
-5.407682e+00 8.907854e-01
-5.328970e+00 8.475842e-01
-5.254278e+00 8.020804e-01
-5.183791e+00 7.547586e-01
-5.117655e+00 7.060469e-01
-5.055977e+00 6.563110e-01
-4.998837e+00 6.058511e-01
-4.946289e+00 5.549015e-01
-4.898370e+00 5.036328e-01
-4.855102e+00 4.521559e-01
-4.816502e+00 4.005272e-01
-4.782582e+00 3.487542e-01
-4.753357e+00 2.968026e-01
-4.728847e+00 2.446028e-01
-4.709077e+00 1.920567e-01
-4.694085e+00 1.390448e-01
-4.683918e+00 8.543310e-02
-4.678638e+00 3.107958e-02
-4.678317e+00 -2.415861e-02
-4.683043e+00 -8.041830e-02
-4.692913e+00 -1.378232e-01
-4.708037e+00 -1.964765e-01
-4.728530e+00 -2.564531e-01
-4.754514e+00 -3.177912e-01
-4.786114e+00 -3.804842e-01
-4.823448e+00 -4.444717e-01
-4.866630e+00 -5.096299e-01
-4.915757e+00 -5.757636e-01
-4.970906e+00 -6.425971e-01
-5.032124e+00 -7.097676e-01
-5.099421e+00 -7.768195e-01
-5.172764e+00 -8.432026e-01
-5.252062e+00 -9.082736e-01
-5.337165e+00 -9.713029e-01
-5.427851e+00 -1.031487e+00
-5.523826e+00 -1.087970e+00
-5.624714e+00 -1.139867e+00
-5.730059e+00 -1.186298e+00
-5.839328e+00 -1.226426e+00
-5.951916e+00 -1.259497e+00
-6.067155e+00 -1.284881e+00
-6.184325e+00 -1.302103e+00
-6.302674e+00 -1.310880e+00
-6.421431e+00 -1.311128e+00
-6.539828e+00 -1.302978e+00
-6.657120e+00 -1.286759e+00
-6.772596e+00 -1.262984e+00
-6.885602e+00 -1.232316e+00
-6.995548e+00 -1.195528e+00
-7.101919e+00 -1.153468e+00
-7.204276e+00 -1.107012e+00
-7.302261e+00 -1.057027e+00
-7.395592e+00 -1.004342e+00
-7.484060e+00 -9.497163e-01
-7.567521e+00 -8.938245e-01
-7.645886e+00 -8.372445e-01
-7.719116e+00 -7.804516e-01
-7.787209e+00 -7.238181e-01
-7.850192e+00 -6.676176e-01
-7.908114e+00 -6.120311e-01
-7.961035e+00 -5.571557e-01
-8.009021e+00 -5.030143e-01
-8.052137e+00 -4.495647e-01
-8.090443e+00 -3.967099e-01
-8.123984e+00 -3.443067e-01
-8.152795e+00 -2.921746e-01
-8.176890e+00 -2.401034e-01
-8.196266e+00 -1.878604e-01
-8.210894e+00 -1.351969e-01
-8.220725e+00 -8.185419e-02
-8.225687e+00 -2.756952e-02
-8.225681e+00 2.791863e-02
-8.220588e+00 8.486475e-02
-8.210263e+00 1.435103e-01
-8.194544e+00 2.040775e-01
-8.173247e+00 2.667617e-01
-8.146172e+00 3.317236e-01
-8.113109e+00 3.990797e-01
-8.073836e+00 4.688919e-01
-8.028132e+00 5.411547e-01
-7.975777e+00 6.157827e-01
-7.916565e+00 6.925951e-01
-7.850310e+00 7.713011e-01
-7.776859e+00 8.514845e-01
-7.696103e+00 9.325902e-01
-7.607987e+00 1.013914e+00
-7.512531e+00 1.094596e+00
-7.409836e+00 1.173627e+00
-7.300105e+00 1.249855e+00
-7.183646e+00 1.322018e+00
-7.060888e+00 1.388777e+00
-6.932382e+00 1.448774e+00
-6.798800e+00 1.500698e+00
-6.660928e+00 1.543357e+00
-6.519652e+00 1.575753e+00
-6.375936e+00 1.597155e+00
-6.230797e+00 1.607153e+00
-6.085272e+00 1.605687e+00
-5.940389e+00 1.593060e+00
-5.797132e+00 1.569910e+00
-5.656413e+00 1.537170e+00
-5.519049e+00 1.496000e+00
-5.385745e+00 1.447711e+00
-5.257082e+00 1.393688e+00
-5.133518e+00 1.335316e+00
-5.015386e+00 1.273920e+00
-4.902902e+00 1.210713e+00
-4.796182e+00 1.146768e+00
-4.695250e+00 1.082995e+00
-4.600055e+00 1.020138e+00
-4.510486e+00 9.587772e-01
-4.426389e+00 8.993402e-01
-4.347574e+00 8.421155e-01
-4.273834e+00 7.872710e-01
-4.204948e+00 7.348710e-01
-4.140696e+00 6.848939e-01
-4.080863e+00 6.372481e-01
-4.025243e+00 5.917862e-01
-3.973647e+00 5.483176e-01
-3.925905e+00 5.066187e-01
-3.881867e+00 4.664422e-01
-3.841407e+00 4.275235e-01
-3.804425e+00 3.895867e-01
-3.770843e+00 3.523490e-01
-3.740612e+00 3.155236e-01
-3.713707e+00 2.788225e-01
-3.690130e+00 2.419579e-01
-3.669909e+00 2.046432e-01
-3.653097e+00 1.665937e-01
-3.639774e+00 1.275268e-01
-3.630045e+00 8.716197e-02
-3.624039e+00 4.522024e-02
-3.621913e+00 1.424327e-03
-3.623846e+00 -4.450186e-02
-3.630043e+00 -9.283329e-02
-3.640736e+00 -1.438436e-01
-3.656178e+00 -1.978043e-01
-3.676650e+00 -2.549839e-01
-3.702454e+00 -3.156448e-01
-3.733917e+00 -3.800405e-01
-3.771388e+00 -4.484096e-01
-3.815238e+00 -5.209686e-01
-3.865853e+00 -5.979014e-01
-3.923637e+00 -6.793451e-01
-3.989001e+00 -7.653725e-01
-4.062362e+00 -8.559686e-01
-4.144127e+00 -9.510029e-01
-4.234687e+00 -1.050196e+00
-4.334399e+00 -1.153081e+00
-4.443568e+00 -1.258964e+00
-4.562424e+00 -1.366884e+00
-4.691096e+00 -1.475573e+00
-4.829584e+00 -1.583440e+00
-4.977729e+00 -1.688565e+00
-5.135186e+00 -1.788730e+00
-5.301394e+00 -1.881485e+00
-5.475568e+00 -1.964264e+00
-5.656689e+00 -2.034540e+00
-5.843518e+00 -2.090011e+00
-6.034627e+00 -2.128802e+00
-6.228442e+00 -2.149647e+00
-6.423308e+00 -2.152019e+00
-6.617561e+00 -2.136201e+00
-6.809596e+00 -2.103257e+00
-6.997937e+00 -2.054933e+00
-7.181290e+00 -1.993490e+00
-7.358583e+00 -1.921506e+00
-7.528983e+00 -1.841673e+00
-7.691900e+00 -1.756617e+00
-7.846973e+00 -1.668759e+00
-7.994045e+00 -1.580223e+00
-8.133140e+00 -1.492784e+00
-8.264422e+00 -1.407859e+00
-8.388172e+00 -1.326523e+00
-8.504750e+00 -1.249544e+00
-8.614576e+00 -1.177427e+00
-8.718104e+00 -1.110457e+00
-8.815807e+00 -1.048751e+00
-8.908162e+00 -9.922929e-01
-8.995638e+00 -9.409709e-01
-9.078694e+00 -8.946080e-01
-9.157769e+00 -8.529850e-01
-9.233281e+00 -8.158594e-01
-9.305626e+00 -7.829799e-01
-9.375178e+00 -7.540974e-01
-9.442285e+00 -7.289723e-01
-9.507280e+00 -7.073803e-01
-9.570472e+00 -6.891154e-01
-9.632154e+00 -6.739925e-01
-9.692603e+00 -6.618474e-01
-9.752082e+00 -6.525372e-01
-9.810841e+00 -6.459395e-01
-9.869122e+00 -6.419506e-01
-9.927156e+00 -6.404838e-01
-9.985169e+00 -6.414670e-01
-1.004338e+01 -6.448402e-01
-1.010200e+01 -6.505520e-01
-1.016125e+01 -6.585566e-01
-1.022132e+01 -6.688096e-01
-1.028241e+01 -6.812643e-01
-1.034474e+01 -6.958666e-01
-1.040848e+01 -7.125508e-01
-1.047382e+01 -7.312339e-01
-1.054094e+01 -7.518106e-01
-1.061001e+01 -7.741472e-01
-1.068117e+01 -7.980770e-01
-1.075456e+01 -8.233937e-01
-1.083029e+01 -8.498480e-01
-1.090847e+01 -8.771422e-01
-1.098913e+01 -9.049286e-01
-1.107233e+01 -9.328075e-01
-1.115803e+01 -9.603288e-01
-1.124619e+01 -9.869956e-01
-1.133670e+01 -1.012270e+00
-1.142942e+01 -1.035586e+00
-1.152414e+01 -1.056357e+00
-1.162060e+01 -1.073998e+00
-1.171850e+01 -1.087943e+00
-1.181747e+01 -1.097663e+00
-1.191711e+01 -1.102690e+00
-1.201698e+01 -1.102636e+00
-1.211661e+01 -1.097211e+00
-1.221549e+01 -1.086238e+00
-1.231313e+01 -1.069662e+00
-1.240901e+01 -1.047551e+00
-1.250265e+01 -1.020095e+00
-1.259357e+01 -9.875969e-01
-1.268133e+01 -9.504585e-01
-1.276554e+01 -9.091628e-01
-1.284585e+01 -8.642533e-01
-1.292194e+01 -8.163133e-01
-1.299358e+01 -7.659448e-01
-1.306058e+01 -7.137492e-01
-1.312279e+01 -6.603109e-01
-1.318012e+01 -6.061834e-01
-1.323254e+01 -5.518787e-01
-1.328006e+01 -4.978603e-01
-1.332271e+01 -4.445386e-01
-1.336058e+01 -3.922693e-01
-1.339378e+01 -3.413538e-01
-1.342244e+01 -2.920407e-01
-1.344672e+01 -2.445297e-01
-1.346678e+01 -1.989747e-01
-1.348281e+01 -1.554891e-01
-1.349500e+01 -1.141496e-01
-1.350354e+01 -7.500109e-02
-1.350865e+01 -3.806107e-02
-1.351050e+01 -3.323575e-03
-1.350931e+01 2.923708e-02
-1.350527e+01 5.966293e-02
-1.349857e+01 8.800942e-02
-1.348940e+01 1.143429e-01
-1.347793e+01 1.387382e-01
-1.346433e+01 1.612772e-01
-1.344878e+01 1.820464e-01
-1.343142e+01 2.011366e-01
-1.341241e+01 2.186408e-01
-1.339187e+01 2.346539e-01
-1.336996e+01 2.492712e-01
-1.334678e+01 2.625883e-01
-1.332245e+01 2.747001e-01
-1.329707e+01 2.857003e-01
-1.327075e+01 2.956808e-01
-1.324356e+01 3.047311e-01
-1.321559e+01 3.129379e-01
-1.318692e+01 3.203849e-01
-1.315760e+01 3.271515e-01
-1.312770e+01 3.333131e-01
-1.309726e+01 3.389405e-01
-1.306634e+01 3.440991e-01
-1.303497e+01 3.488488e-01
-1.300318e+01 3.532433e-01
-1.297102e+01 3.573301e-01
-1.293849e+01 3.611500e-01
-1.290563e+01 3.647368e-01
-1.287245e+01 3.681173e-01
-1.283898e+01 3.713109e-01
-1.280522e+01 3.743298e-01
-1.277120e+01 3.771790e-01
-1.273693e+01 3.798561e-01
-1.270243e+01 3.823521e-01
-1.266771e+01 3.846513e-01
-1.263279e+01 3.867315e-01
-1.259769e+01 3.885651e-01
-1.256244e+01 3.901188e-01
-1.252706e+01 3.913547e-01
-1.249158e+01 3.922309e-01
-1.245605e+01 3.927017e-01
-1.242049e+01 3.927187e-01
-1.238495e+01 3.922315e-01
-1.234949e+01 3.911877e-01
-1.231414e+01 3.895344e-01
-1.227897e+01 3.872181e-01
-1.224405e+01 3.841856e-01
-1.220943e+01 3.803843e-01
-1.217519e+01 3.757628e-01
-1.214142e+01 3.702710e-01
-1.210818e+01 3.638606e-01
-1.207556e+01 3.564851e-01
-1.204366e+01 3.481005e-01
-1.201256e+01 3.386644e-01
-1.198237e+01 3.281370e-01
-1.195318e+01 3.164807e-01
-1.192510e+01 3.036603e-01
-1.189823e+01 2.896427e-01
-1.187269e+01 2.743973e-01
-1.184858e+01 2.578958e-01
-1.182603e+01 2.401125e-01
-1.180514e+01 2.210245e-01
-1.178605e+01 2.006120e-01
-1.176886e+01 1.788586e-01
-1.175370e+01 1.557521e-01
-1.174070e+01 1.312849e-01
-1.172997e+01 1.054550e-01
-1.172164e+01 7.826704e-02
-1.171584e+01 4.973338e-02
-1.171268e+01 1.987546e-02
-1.171228e+01 -1.127476e-02
-1.171476e+01 -4.367313e-02
-1.172022e+01 -7.726168e-02
-1.172878e+01 -1.119667e-01
-1.174053e+01 -1.476972e-01
-1.175555e+01 -1.843426e-01
-1.177393e+01 -2.217718e-01
-1.179573e+01 -2.598308e-01
-1.182099e+01 -2.983425e-01
-1.184976e+01 -3.371052e-01
-1.188203e+01 -3.758929e-01
-1.191782e+01 -4.144553e-01
-1.195707e+01 -4.525196e-01
-1.199973e+01 -4.897924e-01
-1.204572e+01 -5.259633e-01
-1.209492e+01 -5.607086e-01
-1.214720e+01 -5.936971e-01
-1.220236e+01 -6.245963e-01
-1.226022e+01 -6.530795e-01
-1.232053e+01 -6.788334e-01
-1.238305e+01 -7.015663e-01
-1.244747e+01 -7.210158e-01
-1.251350e+01 -7.369561e-01
-1.258080e+01 -7.492047e-01
-1.264904e+01 -7.576273e-01
-1.271787e+01 -7.621413e-01
-1.278692e+01 -7.627174e-01
-1.285585e+01 -7.593787e-01
-1.292431e+01 -7.521989e-01
-1.299194e+01 -7.412973e-01
-1.305843e+01 -7.268331e-01
-1.312345e+01 -7.089981e-01
-1.318671e+01 -6.880089e-01
-1.324794e+01 -6.640984e-01
-1.330688e+01 -6.375075e-01
-1.336330e+01 -6.084773e-01
-1.341699e+01 -5.772422e-01
-1.346776e+01 -5.440235e-01
-1.351545e+01 -5.090250e-01
-1.355989e+01 -4.724287e-01
-1.360095e+01 -4.343932e-01
-1.363850e+01 -3.950517e-01
-1.367244e+01 -3.545122e-01
-1.370266e+01 -3.128586e-01
-1.372906e+01 -2.701520e-01
-1.375155e+01 -2.264337e-01
-1.377003e+01 -1.817279e-01
-1.378442e+01 -1.360455e-01
-1.379464e+01 -8.938845e-02
-1.380058e+01 -4.175398e-02
-1.380217e+01 6.860375e-03
-1.379931e+01 5.645175e-02
-1.379192e+01 1.070066e-01
-1.377990e+01 1.584951e-01
-1.376319e+01 2.108657e-01
-1.374170e+01 2.640394e-01
-1.371536e+01 3.179042e-01
-1.368412e+01 3.723100e-01
-1.364793e+01 4.270637e-01
-1.360679e+01 4.819253e-01
-1.356068e+01 5.366048e-01
-1.350964e+01 5.907613e-01
-1.345373e+01 6.440026e-01
-1.339307e+01 6.958886e-01
-1.332778e+01 7.459360e-01
-1.325807e+01 7.936272e-01
-1.318417e+01 8.384208e-01
-1.310636e+01 8.797661e-01
-1.302499e+01 9.171200e-01
-1.294043e+01 9.499651e-01
-1.285313e+01 9.778298e-01
-1.276354e+01 1.000307e+00
-1.267217e+01 1.017072e+00
-1.257956e+01 1.027899e+00
-1.248623e+01 1.032666e+00
-1.239275e+01 1.031367e+00
-1.229966e+01 1.024107e+00
-1.220749e+01 1.011099e+00
-1.211674e+01 9.926481e-01
-1.202790e+01 9.691414e-01
-1.194140e+01 9.410258e-01
-1.185763e+01 9.087894e-01
-1.177695e+01 8.729409e-01
-1.169966e+01 8.339901e-01
-1.162602e+01 7.924308e-01
-1.155624e+01 7.487263e-01
-1.149050e+01 7.032980e-01
-1.142893e+01 6.565171e-01
-1.137165e+01 6.086998e-01
-1.131874e+01 5.601045e-01
-1.127025e+01 5.109323e-01
-1.122624e+01 4.613287e-01
-1.118673e+01 4.113873e-01
-1.115175e+01 3.611545e-01
-1.112134e+01 3.106348e-01
-1.109552e+01 2.597966e-01
-1.107431e+01 2.085789e-01
-1.105776e+01 1.568971e-01
-1.104592e+01 1.046501e-01
-1.103883e+01 5.172645e-02
-1.103658e+01 -1.988833e-03
-1.103922e+01 -5.660766e-02
-1.104686e+01 -1.122319e-01
-1.105958e+01 -1.689465e-01
-1.107748e+01 -2.268118e-01
-1.110068e+01 -2.858564e-01
-1.112928e+01 -3.460689e-01
-1.116338e+01 -4.073902e-01
-1.120307e+01 -4.697051e-01
-1.124845e+01 -5.328350e-01
-1.129957e+01 -5.965298e-01
-1.135647e+01 -6.604627e-01
-1.141916e+01 -7.242251e-01
-1.148759e+01 -7.873252e-01
-1.156168e+01 -8.491893e-01
-1.164130e+01 -9.091673e-01
-1.172623e+01 -9.665441e-01
-1.181621e+01 -1.020555e+00
-1.191090e+01 -1.070410e+00
-1.200988e+01 -1.115316e+00
-1.211268e+01 -1.154514e+00
-1.221874e+01 -1.187312e+00
-1.232746e+01 -1.213115e+00
-1.243817e+01 -1.231462e+00
-1.255020e+01 -1.242047e+00
-1.266284e+01 -1.244740e+00
-1.277535e+01 -1.239595e+00
-1.288706e+01 -1.226844e+00
-1.299728e+01 -1.206884e+00
-1.310539e+01 -1.180254e+00
-1.321081e+01 -1.147606e+00
-1.331303e+01 -1.109667e+00
-1.341160e+01 -1.067208e+00
-1.350616e+01 -1.021008e+00
-1.359639e+01 -9.718204e-01
-1.368206e+01 -9.203541e-01
-1.376299e+01 -8.672493e-01
-1.383906e+01 -8.130660e-01
-1.391020e+01 -7.582763e-01
-1.397636e+01 -7.032613e-01
-1.403754e+01 -6.483125e-01
-1.409376e+01 -5.936358e-01
-1.414504e+01 -5.393579e-01
-1.419143e+01 -4.855341e-01
-1.423297e+01 -4.321563e-01
-1.426970e+01 -3.791624e-01
-1.430164e+01 -3.264437e-01
-1.432881e+01 -2.738540e-01
-1.435122e+01 -2.212171e-01
-1.436886e+01 -1.683337e-01
-1.438169e+01 -1.149888e-01
-1.438966e+01 -6.095769e-02
-1.439270e+01 -6.012698e-03
-1.439071e+01 5.007082e-02
-1.438359e+01 1.075080e-01
-1.437120e+01 1.664978e-01
-1.435339e+01 2.272158e-01
-1.433000e+01 2.898061e-01
-1.430085e+01 3.543731e-01
-1.426577e+01 4.209713e-01
-1.422457e+01 4.895949e-01
-1.417706e+01 5.601664e-01
-1.412308e+01 6.325239e-01
-1.406248e+01 7.064091e-01
-1.399514e+01 7.814548e-01
-1.392096e+01 8.571746e-01
-1.383993e+01 9.329548e-01
-1.375205e+01 1.008051e+00
-1.365744e+01 1.081590e+00
-1.355628e+01 1.152583e+00
-1.344885e+01 1.219943e+00
-1.333553e+01 1.282519e+00
-1.321680e+01 1.339139e+00
-1.309327e+01 1.388658e+00
-1.296560e+01 1.430023e+00
-1.283460e+01 1.462329e+00
-1.270111e+01 1.484880e+00
-1.256604e+01 1.497234e+00
-1.243032e+01 1.499235e+00
-1.229488e+01 1.491028e+00
-1.216063e+01 1.473046e+00
-1.202843e+01 1.445984e+00
-1.189905e+01 1.410748e+00
-1.177320e+01 1.368403e+00
-1.165145e+01 1.320103e+00
-1.153431e+01 1.267039e+00
-1.142214e+01 1.210372e+00
-1.131522e+01 1.151198e+00
-1.121373e+01 1.090507e+00
-1.111778e+01 1.029163e+00
-1.102738e+01 9.678908e-01
-1.094250e+01 9.072741e-01
-1.086306e+01 8.477592e-01
-1.078895e+01 7.896641e-01
-1.072003e+01 7.331903e-01
-1.065614e+01 6.784374e-01
-1.059713e+01 6.254166e-01
-1.054284e+01 5.740648e-01
-1.049314e+01 5.242575e-01
-1.044787e+01 4.758201e-01
-1.040694e+01 4.285382e-01
-1.037025e+01 3.821663e-01
-1.033773e+01 3.364346e-01
-1.030932e+01 2.910556e-01
-1.028502e+01 2.457286e-01
-1.026484e+01 2.001440e-01
-1.024880e+01 1.539860e-01
-1.023698e+01 1.069362e-01
-1.022947e+01 5.867477e-02
-1.022640e+01 8.883577e-03
-1.022792e+01 -4.275243e-02
-1.023421e+01 -9.654266e-02
-1.024547e+01 -1.527882e-01
-1.026196e+01 -2.117784e-01
-1.028391e+01 -2.737867e-01
-1.031163e+01 -3.390645e-01
-1.034541e+01 -4.078344e-01
-1.038559e+01 -4.802804e-01
-1.043249e+01 -5.565358e-01
-1.048648e+01 -6.366687e-01
-1.054789e+01 -7.206634e-01
-1.061708e+01 -8.083994e-01
-1.069438e+01 -8.996261e-01
-1.078007e+01 -9.939358e-01
-1.087443e+01 -1.090735e+00
-1.097762e+01 -1.189217e+00
-1.108978e+01 -1.288340e+00
-1.121089e+01 -1.386812e+00
-1.134082e+01 -1.483093e+00
-1.147931e+01 -1.575417e+00
-1.162591e+01 -1.661840e+00
-1.177999e+01 -1.740321e+00
-1.194073e+01 -1.808825e+00
-1.210715e+01 -1.865455e+00
-1.227811e+01 -1.908595e+00
-1.245230e+01 -1.937044e+00
-1.262838e+01 -1.950127e+00
-1.280495e+01 -1.947765e+00
-1.298062e+01 -1.930489e+00
-1.315409e+01 -1.899395e+00
-1.332418e+01 -1.856053e+00
-1.348986e+01 -1.802376e+00
-1.365029e+01 -1.740477e+00
-1.380482e+01 -1.672525e+00
-1.395301e+01 -1.600622e+00
-1.409459e+01 -1.526710e+00
-1.422945e+01 -1.452500e+00
-1.435763e+01 -1.379441e+00
-1.447930e+01 -1.308714e+00
-1.459470e+01 -1.241234e+00
-1.470417e+01 -1.177680e+00
-1.480808e+01 -1.118523e+00
-1.490684e+01 -1.064059e+00
-1.500090e+01 -1.014441e+00
-1.509068e+01 -9.697128e-01
-1.517663e+01 -9.298341e-01
-1.525919e+01 -8.947039e-01
-1.533877e+01 -8.641810e-01
-1.541580e+01 -8.380986e-01
-1.549066e+01 -8.162773e-01
-1.556373e+01 -7.985342e-01
-1.563537e+01 -7.846895e-01
-1.570592e+01 -7.745715e-01
-1.577573e+01 -7.680192e-01
-1.584509e+01 -7.648838e-01
-1.591433e+01 -7.650287e-01
-1.598371e+01 -7.683283e-01
-1.605354e+01 -7.746659e-01
-1.612407e+01 -7.839308e-01
-1.619557e+01 -7.960141e-01
-1.626829e+01 -8.108041e-01
-1.634246e+01 -8.281806e-01
-1.641832e+01 -8.480087e-01
-1.649608e+01 -8.701315e-01
-1.657594e+01 -8.943629e-01
-1.665808e+01 -9.204792e-01
-1.674267e+01 -9.482115e-01
-1.682982e+01 -9.772374e-01
-1.691964e+01 -1.007174e+00
-1.701220e+01 -1.037573e+00
-1.710752e+01 -1.067917e+00
-1.720555e+01 -1.097616e+00
-1.730622e+01 -1.126014e+00
-1.740938e+01 -1.152398e+00
-1.751481e+01 -1.176005e+00
-1.762221e+01 -1.196045e+00
-1.773125e+01 -1.211725e+00
-1.784147e+01 -1.222273e+00
-1.795239e+01 -1.226973e+00
-1.806344e+01 -1.225195e+00
-1.817402e+01 -1.216426e+00
-1.828348e+01 -1.200301e+00
-1.839114e+01 -1.176618e+00
-1.849630e+01 -1.145354e+00
-1.859830e+01 -1.106665e+00
-1.869648e+01 -1.060883e+00
-1.879020e+01 -1.008498e+00
-1.887891e+01 -9.501347e-01
-1.896208e+01 -8.865245e-01
-1.903930e+01 -8.184770e-01
-1.911018e+01 -7.468485e-01
-1.917445e+01 -6.725142e-01
-1.923190e+01 -5.963439e-01
-1.928240e+01 -5.191820e-01
-1.932590e+01 -4.418332e-01
-1.936242e+01 -3.650520e-01
-1.939204e+01 -2.895371e-01
-1.941490e+01 -2.159289e-01
-1.943121e+01 -1.448100e-01
-1.944122e+01 -7.670726e-02
-1.944521e+01 -1.209466e-02
-1.944352e+01 4.860302e-02
-1.943654e+01 1.050073e-01
-1.942465e+01 1.567833e-01
-1.940830e+01 2.036384e-01
-1.938793e+01 2.453213e-01
-1.936404e+01 2.816226e-01
-1.933711e+01 3.123759e-01
-1.930765e+01 3.374595e-01
-1.927618e+01 3.567989e-01
-1.924322e+01 3.703689e-01
-1.920929e+01 3.781958e-01
-1.917491e+01 3.803591e-01
-1.914058e+01 3.769920e-01
-1.910680e+01 3.682815e-01
-1.907405e+01 3.544675e-01
-1.904277e+01 3.358404e-01
-1.901337e+01 3.127379e-01
-1.898626e+01 2.855412e-01
-1.896178e+01 2.546701e-01
-1.894024e+01 2.205779e-01
-1.892192e+01 1.837456e-01
-1.890704e+01 1.446761e-01
-1.889578e+01 1.038886e-01
-1.888827e+01 6.191297e-02
-1.888459e+01 1.928367e-02
-1.888478e+01 -2.346513e-02
-1.888882e+01 -6.580494e-02
-1.889667e+01 -1.072180e-01
-1.890819e+01 -1.472023e-01
-1.892326e+01 -1.852760e-01
-1.894167e+01 -2.209826e-01
-1.896319e+01 -2.538951e-01
-1.898755e+01 -2.836206e-01
-1.901444e+01 -3.098041e-01
-1.904353e+01 -3.321323e-01
-1.907445e+01 -3.503363e-01
-1.910683e+01 -3.641949e-01
-1.914026e+01 -3.735350e-01
-1.917433e+01 -3.782337e-01
-1.920861e+01 -3.782169e-01
-1.924267e+01 -3.734592e-01
-1.927609e+01 -3.639817e-01
-1.930844e+01 -3.498491e-01
-1.933930e+01 -3.311669e-01
-1.936827e+01 -3.080776e-01
-1.939496e+01 -2.807572e-01
-1.941899e+01 -2.494111e-01
-1.944000e+01 -2.142714e-01
-1.945768e+01 -1.755933e-01
-1.947170e+01 -1.336530e-01
-1.948179e+01 -8.874608e-02
-1.948769e+01 -4.118630e-02
-1.948918e+01 8.694639e-03
-1.948605e+01 6.054690e-02
-1.947816e+01 1.140019e-01
-1.946538e+01 1.686715e-01
-1.944760e+01 2.241469e-01
-1.942478e+01 2.799987e-01
-1.939690e+01 3.357760e-01
-1.936399e+01 3.910085e-01
-1.932613e+01 4.452077e-01
-1.928343e+01 4.978710e-01
-1.923604e+01 5.484868e-01
-1.918419e+01 5.965417e-01
-1.912812e+01 6.415287e-01
-1.906813e+01 6.829577e-01
-1.900458e+01 7.203664e-01
-1.893783e+01 7.533320e-01
-1.886831e+01 7.814832e-01
-1.879648e+01 8.045104e-01
-1.872280e+01 8.221750e-01
-1.864777e+01 8.343162e-01
-1.857190e+01 8.408545e-01
-1.849569e+01 8.417926e-01
-1.841964e+01 8.372117e-01
-1.834425e+01 8.272659e-01
-1.827000e+01 8.121728e-01
-1.819734e+01 7.922019e-01
-1.812670e+01 7.676622e-01
-1.805847e+01 7.388885e-01
-1.799302e+01 7.062283e-01
-1.793070e+01 6.700288e-01
-1.787179e+01 6.306267e-01
